1000
12.40 7.60
4.87 15.13
16.59 3.41
10.32 9.68
0.18 19.82
11.23 8.77
6.19 13.81
11.41 8.59
10.29 9.71
7.86 12.14
6.01 13.99
6.71 13.29
0.44 19.56
10.66 9.34
0.49 19.51
5.84 14.16
11.86 8.14
8.64 11.36
4.37 15.63
6.81 13.19
12.76 7.24
15.93 4.07
11.82 8.18
7.15 12.85
17.82 2.18
4.91 15.09
16.14 3.86
11.92 8.08
0.99 19.01
12.36 7.64
17.96 2.04
12.20 7.80
3.34 16.66
8.34 11.66
5.45 14.55
10.92 9.08
8.93 11.07
3.63 16.37
0.15 19.85
14.28 5.72
3.83 16.17
4.59 15.41
17.40 2.60
4.76 15.24
17.85 2.15
15.24 4.76
3.81 16.19
11.50 8.50
3.02 16.98
0.03 19.97
18.39 1.61
0.64 19.36
18.47 1.53
0.92 19.08
16.98 3.02
8.48 11.52
17.17 2.83
2.87 17.13
7.69 12.31
2.07 17.93
16.22 3.78
3.10 16.90
10.81 9.19
0.18 19.82
14.48 5.52
16.39 3.61
9.51 10.49
10.23 9.77
5.07 14.93
17.89 2.11
16.61 3.39
6.42 13.58
7.03 12.97
12.88 7.12
14.77 5.23
2.28 17.72
16.97 3.03
10.51 9.49
3.61 16.39
13.20 6.80
11.19 8.81
17.51 2.49
9.54 10.46
1.58 18.42
8.82 11.18
2.62 17.38
7.66 12.34
9.80 10.20
12.64 7.36
3.45 16.55
19.99 0.01
17.55 2.45
4.03 15.97
7.68 12.32
19.24 0.76
8.77 11.23
6.75 13.25
13.94 6.06
7.34 12.66
19.46 0.54
9.67 10.33
19.84 0.16
10.06 9.94
14.80 5.20
17.35 2.65
16.33 3.67
12.35 7.65
6.95 13.05
17.01 2.99
13.83 6.17
0.03 19.97
12.68 7.32
13.13 6.87
12.97 7.03
12.89 7.11
13.26 6.74
5.29 14.71
17.46 2.54
18.21 1.79
16.13 3.87
2.59 17.41
1.81 18.19
3.71 16.29
15.11 4.89
13.01 6.99
14.77 5.23
17.38 2.62
11.76 8.24
5.87 14.13
19.98 0.02
13.80 6.20
17.47 2.53
14.45 5.55
0.48 19.52
17.28 2.72
15.67 4.33
11.32 8.68
14.79 5.21
12.98 7.02
4.18 15.82
5.87 14.13
16.81 3.19
8.46 11.54
8.61 11.39
11.77 8.23
4.13 15.87
7.16 12.84
3.75 16.25
18.29 1.71
1.93 18.07
7.57 12.43
8.36 11.64
10.67 9.33
6.67 13.33
1.83 18.17
9.19 10.81
6.60 13.40
0.83 19.17
9.94 10.06
6.55 13.45
14.71 5.29
11.33 8.67
18.96 1.04
12.62 7.38
0.54 19.46
12.73 7.27
12.16 7.84
1.01 18.99
12.73 7.27
5.43 14.57
6.99 13.01
3.85 16.15
10.13 9.87
17.59 2.41
16.82 3.18
17.63 2.37
19.56 0.44
19.11 0.89
11.93 8.07
16.74 3.26
5.80 14.20
8.59 11.41
13.55 6.45
8.13 11.87
17.40 2.60
16.70 3.30
10.13 9.87
0.05 19.95
6.47 13.53
14.71 5.29
14.05 5.95
6.99 13.01
13.22 6.78
1.15 18.85
3.31 16.69
19.93 0.07
12.52 7.48
17.49 2.51
8.13 11.87
0.60 19.40
8.05 11.95
17.52 2.48
0.69 19.31
7.97 12.03
14.63 5.37
18.00 2.00
16.91 3.09
19.58 0.42
4.13 15.87
10.40 9.60
11.31 8.69
8.96 11.04
14.53 5.47
7.11 12.89
15.48 4.52
18.69 1.31
17.57 2.43
13.07 6.93
6.22 13.78
11.69 8.31
11.73 8.27
3.14 16.86
13.89 6.11
1.51 18.49
6.77 13.23
15.12 4.88
13.98 6.02
2.85 17.15
15.30 4.70
9.24 10.76
3.43 16.57
6.67 13.33
8.36 11.64
12.16 7.84
13.82 6.18
17.88 2.12
16.10 3.90
19.05 0.95
14.69 5.31
15.11 4.89
15.25 4.75
5.13 14.87
11.51 8.49
2.69 17.31
2.30 17.70
6.18 13.82
12.95 7.05
13.78 6.22
3.08 16.92
4.01 15.99
11.17 8.83
5.03 14.97
10.85 9.15
11.48 8.52
1.17 18.83
14.32 5.68
2.04 17.96
6.02 13.98
11.26 8.74
4.85 15.15
3.29 16.71
19.68 0.32
17.67 2.33
17.57 2.43
19.73 0.27
7.93 12.07
15.35 4.65
10.96 9.04
15.23 4.77
3.88 16.12
18.02 1.98
12.06 7.94
7.70 12.30
3.45 16.55
14.33 5.67
12.74 7.26
7.35 12.65
4.34 15.66
14.06 5.94
19.05 0.95
17.02 2.98
9.38 10.62
18.82 1.18
12.25 7.75
2.86 17.14
1.89 18.11
2.37 17.63
16.78 3.22
11.61 8.39
12.15 7.85
10.22 9.78
10.51 9.49
0.42 19.58
15.03 4.97
7.38 12.62
9.61 10.39
1.02 18.98
0.67 19.33
13.48 6.52
13.80 6.20
15.40 4.60
1.23 18.77
3.12 16.88
0.51 19.49
1.20 18.80
6.42 13.58
10.03 9.97
7.54 12.46
14.10 5.90
5.18 14.82
11.09 8.91
4.91 15.09
4.29 15.71
9.24 10.76
4.10 15.90
10.60 9.40
19.05 0.95
0.46 19.54
14.96 5.04
18.99 1.01
15.41 4.59
18.21 1.79
1.96 18.04
12.30 7.70
5.21 14.79
9.61 10.39
19.28 0.72
4.73 15.27
2.19 17.81
2.42 17.58
4.44 15.56
16.08 3.92
4.48 15.52
16.59 3.41
7.41 12.59
11.69 8.31
13.97 6.03
1.37 18.63
12.82 7.18
16.95 3.05
19.03 0.97
17.98 2.02
2.47 17.53
1.56 18.44
11.74 8.26
10.01 9.99
1.55 18.45
2.81 17.19
4.24 15.76
12.65 7.35
4.82 15.18
19.13 0.87
6.23 13.77
17.56 2.44
18.55 1.45
13.68 6.32
2.09 17.91
18.67 1.33
19.26 0.74
4.29 15.71
19.90 0.10
0.20 19.80
12.01 7.99
19.98 0.02
12.50 7.50
19.74 0.26
16.35 3.65
1.54 18.46
0.78 19.22
11.05 8.95
8.39 11.61
13.41 6.59
17.76 2.24
5.24 14.76
14.08 5.92
16.70 3.30
2.09 17.91
14.51 5.49
1.05 18.95
17.02 2.98
12.64 7.36
12.63 7.37
11.58 8.42
9.02 10.98
13.55 6.45
17.34 2.66
18.76 1.24
8.86 11.14
17.38 2.62
1.10 18.90
4.61 15.39
12.50 7.50
5.65 14.35
12.21 7.79
8.14 11.86
6.39 13.61
19.40 0.60
10.57 9.43
3.33 16.67
1.59 18.41
13.18 6.82
3.83 16.17
15.82 4.18
16.89 3.11
10.06 9.94
1.01 18.99
0.15 19.85
2.17 17.83
13.34 6.66
18.89 1.11
5.38 14.62
2.54 17.46
6.74 13.26
15.42 4.58
10.67 9.33
11.57 8.43
16.51 3.49
18.23 1.77
5.88 14.12
9.43 10.57
1.89 18.11
15.69 4.31
2.25 17.75
16.03 3.97
13.15 6.85
4.26 15.74
4.68 15.32
9.09 10.91
13.62 6.38
7.57 12.43
18.75 1.25
19.51 0.49
15.62 4.38
18.47 1.53
7.52 12.48
15.76 4.24
3.57 16.43
8.63 11.37
17.69 2.31
13.71 6.29
12.99 7.01
13.78 6.22
17.29 2.71
18.71 1.29
3.95 16.05
14.01 5.99
3.39 16.61
1.13 18.87
15.61 4.39
9.72 10.28
17.81 2.19
10.73 9.27
8.17 11.83
3.11 16.89
12.02 7.98
14.21 5.79
14.16 5.84
13.94 6.06
19.57 0.43
8.60 11.40
19.59 0.41
12.10 7.90
4.59 15.41
6.00 14.00
9.04 10.96
17.28 2.72
1.51 18.49
19.09 0.91
4.47 15.53
14.39 5.61
10.92 9.08
3.75 16.25
5.65 14.35
19.58 0.42
17.70 2.30
17.19 2.81
6.57 13.43
1.73 18.27
15.87 4.13
13.57 6.43
9.09 10.91
6.82 13.18
10.48 9.52
10.91 9.09
6.41 13.59
1.86 18.14
18.53 1.47
19.15 0.85
2.67 17.33
19.00 1.00
5.67 14.33
16.46 3.54
12.25 7.75
19.84 0.16
0.09 19.91
9.57 10.43
15.77 4.23
17.96 2.04
0.46 19.54
16.76 3.24
17.65 2.35
13.15 6.85
10.81 9.19
14.73 5.27
6.51 13.49
16.19 3.81
8.23 11.77
15.09 4.91
18.68 1.32
15.61 4.39
0.96 19.04
12.11 7.89
17.48 2.52
13.84 6.16
19.39 0.61
4.52 15.48
13.53 6.47
12.23 7.77
0.23 19.77
4.97 15.03
9.76 10.24
1.27 18.73
7.18 12.82
4.87 15.13
6.98 13.02
18.08 1.92
19.71 0.29
1.58 18.42
11.61 8.39
14.59 5.41
1.00 19.00
10.71 9.29
7.90 12.10
7.39 12.61
9.33 10.67
12.04 7.96
2.14 17.86
3.62 16.38
3.59 16.41
9.33 10.67
9.53 10.47
17.51 2.49
6.13 13.87
0.47 19.53
13.62 6.38
19.73 0.27
6.80 13.20
15.49 4.51
15.42 4.58
0.95 19.05
4.83 15.17
11.80 8.20
11.53 8.47
7.55 12.45
15.01 4.99
12.49 7.51
3.07 16.93
4.46 15.54
4.60 15.40
6.18 13.82
19.25 0.75
3.17 16.83
15.37 4.63
16.61 3.39
8.70 11.30
7.18 12.82
16.27 3.73
14.56 5.44
2.44 17.56
14.46 5.54
15.85 4.15
15.52 4.48
13.83 6.17
6.46 13.54
18.89 1.11
19.90 0.10
11.53 8.47
11.19 8.81
12.69 7.31
18.68 1.32
7.06 12.94
8.69 11.31
19.76 0.24
16.98 3.02
0.42 19.58
8.40 11.60
2.16 17.84
8.34 11.66
10.09 9.91
4.16 15.84
13.93 6.07
19.63 0.37
19.42 0.58
1.53 18.47
4.02 15.98
5.72 14.28
10.58 9.42
12.65 7.35
10.33 9.67
14.55 5.45
6.59 13.41
18.49 1.51
14.05 5.95
16.39 3.61
10.33 9.67
9.85 10.15
9.42 10.58
4.42 15.58
0.16 19.84
17.60 2.40
14.85 5.15
9.46 10.54
13.01 6.99
4.72 15.28
10.18 9.82
1.94 18.06
0.86 19.14
14.87 5.13
12.93 7.07
5.85 14.15
12.07 7.93
14.25 5.75
17.45 2.55
16.84 3.16
5.13 14.87
0.01 19.99
2.77 17.23
0.26 19.74
6.53 13.47
4.45 15.55
0.56 19.44
0.44 19.56
3.98 16.02
8.69 11.31
3.63 16.37
10.47 9.53
8.01 11.99
15.43 4.57
15.53 4.47
2.60 17.40
17.24 2.76
12.86 7.14
0.99 19.01
5.36 14.64
13.09 6.91
4.58 15.42
6.02 13.98
7.90 12.10
1.73 18.27
1.65 18.35
12.90 7.10
9.27 10.73
5.69 14.31
15.88 4.12
3.79 16.21
2.89 17.11
6.83 13.17
19.78 0.22
6.27 13.73
13.87 6.13
5.25 14.75
1.88 18.12
6.04 13.96
19.64 0.36
12.40 7.60
7.15 12.85
6.14 13.86
2.41 17.59
10.95 9.05
8.65 11.35
7.08 12.92
18.62 1.38
15.20 4.80
3.17 16.83
18.31 1.69
7.72 12.28
9.67 10.33
16.23 3.77
19.62 0.38
7.77 12.23
6.37 13.63
3.68 16.32
4.93 15.07
8.79 11.21
13.68 6.32
6.32 13.68
0.29 19.71
17.93 2.07
8.94 11.06
1.16 18.84
12.48 7.52
3.00 17.00
14.39 5.61
1.12 18.88
12.57 7.43
3.29 16.71
5.61 14.39
3.70 16.30
10.73 9.27
1.05 18.95
9.93 10.07
7.64 12.36
0.63 19.37
11.74 8.26
11.63 8.37
3.60 16.40
12.76 7.24
3.79 16.21
5.41 14.59
19.15 0.85
9.35 10.65
15.58 4.42
3.83 16.17
7.43 12.57
18.31 1.69
5.69 14.31
8.24 11.76
13.49 6.51
17.11 2.89
2.86 17.14
8.54 11.46
6.27 13.73
7.20 12.80
5.38 14.62
5.89 14.11
8.27 11.73
8.59 11.41
17.28 2.72
7.88 12.12
11.86 8.14
4.88 15.12
1.15 18.85
3.41 16.59
11.02 8.98
9.17 10.83
6.32 13.68
15.84 4.16
1.52 18.48
4.94 15.06
2.45 17.55
4.76 15.24
16.34 3.66
8.66 11.34
2.92 17.08
13.01 6.99
19.08 0.92
7.24 12.76
8.22 11.78
16.30 3.70
13.99 6.01
6.69 13.31
1.64 18.36
10.10 9.90
17.45 2.55
7.31 12.69
15.78 4.22
12.00 8.00
15.41 4.59
3.81 16.19
11.56 8.44
14.17 5.83
12.52 7.48
12.23 7.77
1.62 18.38
10.10 9.90
3.35 16.65
9.61 10.39
3.50 16.50
7.33 12.67
1.41 18.59
14.27 5.73
9.43 10.57
15.17 4.83
5.30 14.70
1.84 18.16
2.43 17.57
19.94 0.06
17.46 2.54
10.40 9.60
2.93 17.07
5.78 14.22
6.95 13.05
1.78 18.22
2.57 17.43
9.92 10.08
2.11 17.89
9.52 10.48
1.39 18.61
5.98 14.02
3.33 16.67
10.88 9.12
9.76 10.24
19.85 0.15
15.00 5.00
6.91 13.09
14.60 5.40
16.07 3.93
12.24 7.76
1.93 18.07
14.83 5.17
13.48 6.52
0.85 19.15
0.98 19.02
16.67 3.33
19.36 0.64
4.15 15.85
1.74 18.26
7.47 12.53
11.15 8.85
1.55 18.45
17.52 2.48
8.85 11.15
8.09 11.91
13.30 6.70
15.45 4.55
11.50 8.50
16.21 3.79
16.17 3.83
10.60 9.40
4.96 15.04
19.03 0.97
4.98 15.02
17.58 2.42
14.70 5.30
12.11 7.89
7.76 12.24
12.56 7.44
16.75 3.25
0.34 19.66
14.78 5.22
7.05 12.95
4.51 15.49
3.68 16.32
14.44 5.56
7.95 12.05
4.81 15.19
17.58 2.42
12.20 7.80
10.05 9.95
12.76 7.24
15.61 4.39
8.68 11.32
6.89 13.11
7.83 12.17
18.55 1.45
8.15 11.85
19.88 0.12
0.12 19.88
18.13 1.87
2.12 17.88
8.75 11.25
8.88 11.12
17.17 2.83
19.08 0.92
9.31 10.69
0.59 19.41
16.96 3.04
15.64 4.36
17.52 2.48
6.27 13.73
3.04 16.96
12.18 7.82
16.99 3.01
7.21 12.79
12.58 7.42
0.33 19.67
6.49 13.51
4.05 15.95
15.13 4.87
16.66 3.34
18.27 1.73
4.03 15.97
17.23 2.77
3.27 16.73
10.62 9.38
9.28 10.72
16.49 3.51
5.14 14.86
16.34 3.66
15.90 4.10
11.06 8.94
16.02 3.98
7.00 13.00
10.77 9.23
9.15 10.85
6.12 13.88
0.13 19.87
3.94 16.06
6.98 13.02
4.65 15.35
14.37 5.63
11.33 8.67
7.43 12.57
1.45 18.55
2.12 17.88
12.67 7.33
14.19 5.81
6.36 13.64
6.91 13.09
17.15 2.85
17.13 2.87
1.59 18.41
15.81 4.19
13.70 6.30
19.39 0.61
19.41 0.59
2.38 17.62
1.31 18.69
9.50 10.50
19.99 0.01
1.25 18.75
4.29 15.71
18.91 1.09
11.16 8.84
2.03 17.97
1.24 18.76
18.09 1.91
13.59 6.41
8.92 11.08
5.05 14.95
15.34 4.66
11.11 8.89
15.59 4.41
11.87 8.13
2.40 17.60
9.26 10.74
13.35 6.65
16.00 4.00
11.92 8.08
10.60 9.40
4.06 15.94
8.57 11.43
7.08 12.92
13.81 6.19
13.91 6.09
9.39 10.61
14.66 5.34
5.50 14.50
18.09 1.91
16.60 3.40
1.37 18.63
15.87 4.13
8.61 11.39
0.70 19.30
4.72 15.28
5.26 14.74
4.40 15.60
6.47 13.53
17.45 2.55
3.16 16.84
5.15 14.85
3.82 16.18
7.12 12.88
10.08 9.92
7.62 12.38
3.84 16.16
17.64 2.36
14.04 5.96
9.55 10.45
17.96 2.04
1.90 18.10
16.76 3.24
11.91 8.09
18.77 1.23
12.93 7.07
10.29 9.71
16.45 3.55
1.37 18.63
7.71 12.29
10.82 9.18
9.57 10.43
7.67 12.33
11.61 8.39
15.03 4.97
17.00 3.00
17.88 2.12
10.98 9.02
10.47 9.53
12.76 7.24
17.41 2.59
13.06 6.94
11.78 8.22
0.94 19.06
2.64 17.36
12.78 7.22
11.45 8.55
11.58 8.42
4.53 15.47
17.12 2.88
12.34 7.66
8.07 11.93
15.31 4.69
19.38 0.62
6.55 13.45
12.58 7.42
17.83 2.17
8.72 11.28
11.99 8.01
11.67 8.33
12.27 7.73
