50
17.43 2.57
1.40 18.60
10.68 9.32
3.15 16.85
11.02 8.98
6.88 13.12
17.36 2.64
13.66 6.34
1.29 18.71
5.36 14.64
9.95 10.05
9.14 10.86
14.77 5.23
0.21 19.79
2.15 17.85
13.64 6.36
8.67 11.33
17.44 2.56
1.89 18.11
17.39 2.61
5.99 14.01
19.00 1.00
9.58 10.42
0.41 19.59
2.37 17.63
6.61 13.39
7.98 12.02
8.46 11.54
17.92 2.08
8.84 11.16
7.97 12.03
0.76 19.24
1.21 18.79
8.44 11.56
17.51 2.49
6.36 13.64
2.09 17.91
1.17 18.83
17.65 2.35
3.21 16.79
6.54 13.46
10.43 9.57
12.42 7.58
14.60 5.40
3.46 16.54
16.63 3.37
3.22 16.78
19.58 0.42
12.91 7.09
17.18 2.82
