5000
1.53 18.47
11.57 8.43
18.89 1.11
13.41 6.59
18.90 1.10
10.58 9.42
10.38 9.62
13.69 6.31
9.52 10.48
9.45 10.55
18.77 1.23
14.84 5.16
17.89 2.11
11.55 8.45
19.60 0.40
9.24 10.76
18.18 1.82
19.49 0.51
3.70 16.30
16.74 3.26
10.48 9.52
18.94 1.06
12.49 7.51
19.69 0.31
11.38 8.62
11.06 8.94
19.89 0.11
15.22 4.78
13.59 6.41
15.57 4.43
10.81 9.19
13.42 6.58
9.99 10.01
19.53 0.47
4.43 15.57
5.44 14.56
13.26 6.74
4.90 15.10
17.64 2.36
18.45 1.55
11.45 8.55
1.55 18.45
5.46 14.54
9.83 10.17
18.36 1.64
7.81 12.19
16.40 3.60
12.76 7.24
10.73 9.27
1.16 18.84
12.07 7.93
15.97 4.03
3.79 16.21
13.84 6.16
9.67 10.33
10.70 9.30
8.85 11.15
8.71 11.29
17.64 2.36
3.35 16.65
14.01 5.99
1.93 18.07
13.18 6.82
6.87 13.13
6.42 13.58
6.39 13.61
19.91 0.09
17.41 2.59
14.26 5.74
7.47 12.53
13.50 6.50
7.09 12.91
11.13 8.87
18.65 1.35
19.55 0.45
0.07 19.93
19.33 0.67
14.28 5.72
13.32 6.68
3.42 16.58
11.62 8.38
11.52 8.48
6.76 13.24
9.17 10.83
9.09 10.91
9.64 10.36
15.22 4.78
8.55 11.45
19.52 0.48
17.99 2.01
0.94 19.06
0.67 19.33
3.06 16.94
15.24 4.76
1.20 18.80
7.99 12.01
14.74 5.26
12.89 7.11
0.96 19.04
2.62 17.38
15.51 4.49
2.41 17.59
3.48 16.52
12.02 7.98
2.14 17.86
11.15 8.85
8.10 11.90
6.01 13.99
0.79 19.21
2.04 17.96
19.54 0.46
8.40 11.60
19.69 0.31
3.16 16.84
18.96 1.04
13.99 6.01
4.98 15.02
14.10 5.90
4.21 15.79
8.15 11.85
17.04 2.96
11.31 8.69
9.69 10.31
11.59 8.41
0.37 19.63
16.87 3.13
12.58 7.42
4.12 15.88
11.31 8.69
18.33 1.67
8.65 11.35
11.43 8.57
16.71 3.29
16.81 3.19
6.70 13.30
19.55 0.45
18.75 1.25
9.00 11.00
7.62 12.38
8.73 11.27
2.13 17.87
15.49 4.51
10.09 9.91
12.60 7.40
17.20 2.80
19.51 0.49
13.44 6.56
9.17 10.83
5.72 14.28
10.32 9.68
18.65 1.35
5.05 14.95
13.52 6.48
14.87 5.13
11.49 8.51
1.49 18.51
8.57 11.43
17.61 2.39
2.59 17.41
0.21 19.79
6.39 13.61
1.82 18.18
13.13 6.87
7.18 12.82
13.82 6.18
13.43 6.57
17.91 2.09
18.70 1.30
2.50 17.50
4.68 15.32
19.83 0.17
18.85 1.15
16.71 3.29
12.72 7.28
10.83 9.17
9.68 10.32
16.92 3.08
2.14 17.86
13.73 6.27
11.52 8.48
12.62 7.38
5.67 14.33
16.32 3.68
11.90 8.10
13.96 6.04
5.16 14.84
13.78 6.22
17.02 2.98
13.66 6.34
14.00 6.00
9.79 10.21
19.08 0.92
18.94 1.06
4.19 15.81
14.60 5.40
7.03 12.97
14.59 5.41
17.71 2.29
8.88 11.12
7.65 12.35
0.99 19.01
7.50 12.50
15.13 4.87
5.11 14.89
3.16 16.84
2.05 17.95
14.17 5.83
19.13 0.87
7.93 12.07
9.16 10.84
4.49 15.51
1.81 18.19
11.25 8.75
12.08 7.92
15.99 4.01
11.57 8.43
0.79 19.21
17.59 2.41
17.62 2.38
2.06 17.94
2.09 17.91
3.30 16.70
4.33 15.67
15.06 4.94
14.52 5.48
14.12 5.88
7.38 12.62
16.45 3.55
16.55 3.45
4.27 15.73
3.80 16.20
19.15 0.85
4.02 15.98
12.05 7.95
12.90 7.10
11.33 8.67
6.67 13.33
1.91 18.09
17.62 2.38
9.41 10.59
9.95 10.05
3.87 16.13
15.85 4.15
1.02 18.98
4.26 15.74
0.79 19.21
4.15 15.85
19.84 0.16
14.00 6.00
10.58 9.42
17.37 2.63
11.92 8.08
9.87 10.13
14.01 5.99
1.92 18.08
9.63 10.37
8.95 11.05
0.17 19.83
16.42 3.58
5.82 14.18
11.99 8.01
6.87 13.13
19.78 0.22
0.33 19.67
17.20 2.80
18.60 1.40
9.83 10.17
0.13 19.87
5.25 14.75
5.23 14.77
9.37 10.63
10.07 9.93
7.83 12.17
7.37 12.63
6.08 13.92
4.67 15.33
5.15 14.85
7.88 12.12
13.29 6.71
1.34 18.66
0.05 19.95
2.21 17.79
15.40 4.60
3.68 16.32
15.09 4.91
8.42 11.58
19.81 0.19
2.95 17.05
12.27 7.73
1.59 18.41
19.74 0.26
7.29 12.71
4.14 15.86
8.80 11.20
3.29 16.71
10.07 9.93
16.64 3.36
8.55 11.45
12.20 7.80
8.16 11.84
0.84 19.16
12.20 7.80
13.73 6.27
18.30 1.70
8.34 11.66
4.08 15.92
10.07 9.93
7.43 12.57
13.92 6.08
5.18 14.82
11.34 8.66
17.48 2.52
16.21 3.79
4.51 15.49
1.77 18.23
10.46 9.54
8.05 11.95
17.00 3.00
12.42 7.58
7.48 12.52
1.74 18.26
16.55 3.45
6.77 13.23
14.78 5.22
13.10 6.90
3.54 16.46
19.34 0.66
15.83 4.17
1.78 18.22
4.90 15.10
19.48 0.52
6.93 13.07
0.69 19.31
10.10 9.90
16.09 3.91
8.41 11.59
15.02 4.98
5.48 14.52
13.05 6.95
0.55 19.45
11.64 8.36
13.73 6.27
10.26 9.74
11.51 8.49
15.61 4.39
2.49 17.51
0.33 19.67
15.28 4.72
10.45 9.55
14.15 5.85
12.97 7.03
8.09 11.91
0.34 19.66
15.61 4.39
12.83 7.17
7.67 12.33
10.84 9.16
12.83 7.17
12.64 7.36
0.77 19.23
10.82 9.18
0.79 19.21
13.76 6.24
5.61 14.39
2.73 17.27
5.11 14.89
15.91 4.09
16.45 3.55
3.35 16.65
8.76 11.24
11.50 8.50
14.94 5.06
7.83 12.17
9.48 10.52
17.08 2.92
0.85 19.15
10.50 9.50
12.43 7.57
6.29 13.71
17.99 2.01
17.53 2.47
19.35 0.65
16.98 3.02
11.44 8.56
6.73 13.27
8.26 11.74
8.68 11.32
7.08 12.92
17.94 2.06
1.43 18.57
12.22 7.78
12.47 7.53
10.64 9.36
10.88 9.12
14.43 5.57
1.37 18.63
10.43 9.57
14.92 5.08
2.91 17.09
12.13 7.87
15.38 4.62
4.15 15.85
16.97 3.03
1.08 18.92
11.23 8.77
14.67 5.33
10.29 9.71
3.01 16.99
19.78 0.22
10.47 9.53
5.97 14.03
12.35 7.65
2.42 17.58
13.89 6.11
7.19 12.81
13.72 6.28
8.06 11.94
0.74 19.26
8.33 11.67
15.45 4.55
18.48 1.52
0.97 19.03
15.85 4.15
2.32 17.68
0.73 19.27
13.65 6.35
12.13 7.87
16.79 3.21
16.98 3.02
10.21 9.79
17.86 2.14
9.67 10.33
15.06 4.94
14.84 5.16
14.69 5.31
14.20 5.80
7.01 12.99
9.34 10.66
8.29 11.71
16.21 3.79
19.93 0.07
1.48 18.52
2.60 17.40
7.40 12.60
17.41 2.59
8.25 11.75
16.97 3.03
16.98 3.02
1.54 18.46
10.18 9.82
8.44 11.56
18.61 1.39
15.10 4.90
13.67 6.33
3.32 16.68
17.01 2.99
1.48 18.52
12.47 7.53
14.91 5.09
16.77 3.23
8.43 11.57
6.98 13.02
11.11 8.89
2.83 17.17
19.36 0.64
1.34 18.66
2.32 17.68
19.75 0.25
19.24 0.76
10.59 9.41
10.99 9.01
9.50 10.50
7.73 12.27
17.33 2.67
1.97 18.03
10.85 9.15
13.21 6.79
7.56 12.44
4.75 15.25
3.74 16.26
3.44 16.56
4.79 15.21
0.15 19.85
8.87 11.13
14.04 5.96
6.02 13.98
13.67 6.33
18.07 1.93
19.53 0.47
16.18 3.82
1.40 18.60
16.02 3.98
7.28 12.72
5.83 14.17
18.31 1.69
0.01 19.99
0.05 19.95
13.84 6.16
5.53 14.47
13.93 6.07
11.63 8.37
2.73 17.27
11.85 8.15
14.26 5.74
1.77 18.23
15.48 4.52
13.69 6.31
5.77 14.23
4.88 15.12
9.71 10.29
12.99 7.01
11.51 8.49
18.80 1.20
9.80 10.20
19.29 0.71
2.75 17.25
3.63 16.37
12.21 7.79
3.79 16.21
6.80 13.20
13.74 6.26
9.29 10.71
15.29 4.71
10.45 9.55
14.73 5.27
2.69 17.31
16.08 3.92
16.13 3.87
10.04 9.96
15.02 4.98
11.11 8.89
14.00 6.00
6.04 13.96
15.10 4.90
6.29 13.71
10.47 9.53
17.40 2.60
19.14 0.86
9.76 10.24
12.93 7.07
8.82 11.18
2.79 17.21
3.14 16.86
3.25 16.75
15.84 4.16
8.97 11.03
8.00 12.00
18.37 1.63
10.92 9.08
0.24 19.76
8.01 11.99
7.00 13.00
0.61 19.39
19.22 0.78
10.92 9.08
15.51 4.49
15.59 4.41
11.25 8.75
17.50 2.50
2.88 17.12
2.04 17.96
7.65 12.35
0.50 19.50
9.75 10.25
16.63 3.37
6.38 13.62
3.29 16.71
16.89 3.11
5.96 14.04
9.41 10.59
14.94 5.06
3.16 16.84
17.81 2.19
2.70 17.30
5.80 14.20
10.13 9.87
14.56 5.44
9.04 10.96
0.59 19.41
8.70 11.30
11.36 8.64
8.17 11.83
14.91 5.09
18.70 1.30
11.51 8.49
13.92 6.08
13.32 6.68
17.05 2.95
18.02 1.98
0.29 19.71
17.45 2.55
19.63 0.37
1.68 18.32
7.92 12.08
8.51 11.49
7.84 12.16
18.41 1.59
16.56 3.44
7.68 12.32
1.31 18.69
6.45 13.55
10.47 9.53
18.17 1.83
5.01 14.99
15.87 4.13
17.69 2.31
3.87 16.13
11.55 8.45
16.73 3.27
1.77 18.23
1.38 18.62
6.14 13.86
4.18 15.82
9.24 10.76
5.51 14.49
13.29 6.71
16.39 3.61
19.92 0.08
0.55 19.45
16.89 3.11
14.93 5.07
3.94 16.06
13.70 6.30
15.73 4.27
12.18 7.82
13.54 6.46
16.63 3.37
18.24 1.76
9.58 10.42
2.00 18.00
3.66 16.34
15.79 4.21
8.97 11.03
4.46 15.54
2.04 17.96
0.40 19.60
4.76 15.24
11.20 8.80
4.01 15.99
19.42 0.58
10.77 9.23
7.13 12.87
11.20 8.80
6.78 13.22
9.46 10.54
19.71 0.29
4.03 15.97
19.30 0.70
6.26 13.74
16.81 3.19
11.65 8.35
7.94 12.06
12.65 7.35
15.48 4.52
17.16 2.84
17.82 2.18
12.50 7.50
1.37 18.63
8.23 11.77
9.83 10.17
8.04 11.96
4.13 15.87
19.64 0.36
14.18 5.82
3.47 16.53
2.94 17.06
3.03 16.97
16.81 3.19
10.64 9.36
7.02 12.98
16.00 4.00
17.97 2.03
2.35 17.65
6.55 13.45
4.26 15.74
3.67 16.33
14.84 5.16
14.94 5.06
11.44 8.56
13.00 7.00
16.12 3.88
4.69 15.31
16.21 3.79
19.06 0.94
6.87 13.13
18.58 1.42
4.56 15.44
8.23 11.77
16.17 3.83
12.55 7.45
15.46 4.54
10.05 9.95
2.39 17.61
4.90 15.10
1.73 18.27
0.09 19.91
19.18 0.82
4.43 15.57
11.76 8.24
3.06 16.94
9.37 10.63
6.81 13.19
10.17 9.83
0.53 19.47
10.68 9.32
15.46 4.54
5.59 14.41
0.99 19.01
5.95 14.05
13.64 6.36
0.34 19.66
0.58 19.42
10.70 9.30
16.37 3.63
12.33 7.67
8.11 11.89
10.72 9.28
8.61 11.39
2.61 17.39
5.89 14.11
12.72 7.28
14.61 5.39
0.09 19.91
14.48 5.52
9.99 10.01
13.37 6.63
2.68 17.32
9.68 10.32
4.70 15.30
4.46 15.54
14.68 5.32
18.21 1.79
0.87 19.13
7.58 12.42
4.38 15.62
13.42 6.58
11.52 8.48
10.79 9.21
18.22 1.78
1.23 18.77
4.69 15.31
3.93 16.07
5.91 14.09
17.69 2.31
12.14 7.86
8.36 11.64
17.18 2.82
16.43 3.57
17.86 2.14
5.78 14.22
10.47 9.53
17.61 2.39
6.70 13.30
8.25 11.75
14.56 5.44
5.37 14.63
14.51 5.49
8.97 11.03
13.52 6.48
10.53 9.47
0.81 19.19
6.35 13.65
16.86 3.14
6.20 13.80
5.24 14.76
1.16 18.84
15.68 4.32
5.11 14.89
3.84 16.16
0.05 19.95
5.81 14.19
14.13 5.87
6.21 13.79
16.85 3.15
6.48 13.52
1.30 18.70
12.32 7.68
5.25 14.75
19.58 0.42
12.52 7.48
12.77 7.23
1.36 18.64
18.47 1.53
3.44 16.56
6.44 13.56
17.93 2.07
3.73 16.27
12.42 7.58
14.19 5.81
10.03 9.97
7.62 12.38
13.57 6.43
3.28 16.72
12.17 7.83
18.11 1.89
1.30 18.70
9.03 10.97
8.92 11.08
2.61 17.39
1.66 18.34
16.69 3.31
5.59 14.41
10.27 9.73
6.54 13.46
14.98 5.02
17.96 2.04
13.64 6.36
1.70 18.30
18.78 1.22
6.75 13.25
14.63 5.37
13.86 6.14
9.64 10.36
9.42 10.58
9.12 10.88
7.86 12.14
15.35 4.65
12.64 7.36
19.36 0.64
5.07 14.93
18.85 1.15
17.56 2.44
7.54 12.46
4.27 15.73
5.93 14.07
1.87 18.13
19.62 0.38
12.01 7.99
18.91 1.09
10.98 9.02
12.56 7.44
3.80 16.20
17.48 2.52
12.43 7.57
18.25 1.75
4.16 15.84
8.88 11.12
1.34 18.66
17.80 2.20
19.92 0.08
15.39 4.61
15.82 4.18
10.79 9.21
4.29 15.71
16.53 3.47
8.77 11.23
15.71 4.29
20.00 0.00
17.56 2.44
18.30 1.70
15.76 4.24
15.72 4.28
5.27 14.73
18.53 1.47
16.61 3.39
1.51 18.49
19.33 0.67
0.54 19.46
11.74 8.26
11.00 9.00
18.57 1.43
15.40 4.60
0.36 19.64
5.15 14.85
12.73 7.27
6.37 13.63
8.97 11.03
11.33 8.67
15.97 4.03
13.30 6.70
3.22 16.78
19.67 0.33
13.11 6.89
4.03 15.97
10.38 9.62
18.76 1.24
14.18 5.82
16.04 3.96
6.48 13.52
12.16 7.84
17.01 2.99
12.27 7.73
3.94 16.06
7.87 12.13
13.01 6.99
4.12 15.88
7.25 12.75
13.16 6.84
14.45 5.55
4.48 15.52
14.80 5.20
3.64 16.36
12.49 7.51
15.06 4.94
17.78 2.22
1.75 18.25
5.14 14.86
19.38 0.62
15.45 4.55
16.20 3.80
14.09 5.91
6.63 13.37
6.54 13.46
4.41 15.59
18.04 1.96
5.70 14.30
1.95 18.05
18.18 1.82
14.93 5.07
12.46 7.54
3.16 16.84
16.63 3.37
7.17 12.83
13.25 6.75
17.14 2.86
6.25 13.75
6.19 13.81
7.87 12.13
8.83 11.17
12.06 7.94
4.13 15.87
10.77 9.23
6.47 13.53
18.59 1.41
17.42 2.58
12.82 7.18
7.18 12.82
14.61 5.39
8.56 11.44
3.19 16.81
16.98 3.02
18.65 1.35
12.49 7.51
8.92 11.08
2.68 17.32
13.05 6.95
19.90 0.10
11.67 8.33
10.00 10.00
7.42 12.58
3.15 16.85
13.21 6.79
3.47 16.53
14.13 5.87
5.35 14.65
1.50 18.50
1.59 18.41
14.01 5.99
9.21 10.79
7.38 12.62
15.18 4.82
1.28 18.72
13.27 6.73
17.13 2.87
13.83 6.17
9.72 10.28
13.68 6.32
17.29 2.71
9.49 10.51
7.94 12.06
7.74 12.26
12.98 7.02
6.61 13.39
16.52 3.48
0.43 19.57
13.90 6.10
10.57 9.43
10.28 9.72
3.72 16.28
2.01 17.99
9.70 10.30
9.31 10.69
2.91 17.09
19.56 0.44
2.31 17.69
10.90 9.10
8.59 11.41
17.95 2.05
11.08 8.92
9.25 10.75
8.81 11.19
19.28 0.72
1.87 18.13
18.57 1.43
12.08 7.92
12.09 7.91
18.49 1.51
2.41 17.59
0.30 19.70
13.15 6.85
13.59 6.41
13.01 6.99
6.29 13.71
11.45 8.55
4.72 15.28
18.23 1.77
9.50 10.50
14.53 5.47
9.28 10.72
18.37 1.63
16.48 3.52
9.65 10.35
16.09 3.91
1.06 18.94
19.39 0.61
1.35 18.65
13.51 6.49
0.83 19.17
15.67 4.33
18.42 1.58
16.72 3.28
6.67 13.33
5.60 14.40
8.38 11.62
4.75 15.25
11.18 8.82
7.07 12.93
7.68 12.32
5.61 14.39
1.87 18.13
13.13 6.87
15.84 4.16
4.27 15.73
4.18 15.82
8.06 11.94
0.95 19.05
17.48 2.52
0.75 19.25
5.79 14.21
12.03 7.97
11.11 8.89
16.21 3.79
11.30 8.70
8.06 11.94
5.78 14.22
19.50 0.50
17.67 2.33
10.78 9.22
7.00 13.00
10.90 9.10
6.50 13.50
1.31 18.69
8.60 11.40
15.44 4.56
12.29 7.71
4.12 15.88
16.84 3.16
3.85 16.15
1.31 18.69
1.13 18.87
13.48 6.52
12.93 7.07
0.52 19.48
6.09 13.91
7.72 12.28
8.32 11.68
9.69 10.31
14.80 5.20
3.08 16.92
0.58 19.42
12.29 7.71
19.80 0.20
5.79 14.21
18.68 1.32
14.46 5.54
14.43 5.57
4.68 15.32
18.72 1.28
13.72 6.28
8.93 11.07
4.01 15.99
5.97 14.03
18.45 1.55
6.87 13.13
8.89 11.11
0.09 19.91
19.44 0.56
4.59 15.41
12.90 7.10
0.77 19.23
7.81 12.19
7.78 12.22
1.71 18.29
3.20 16.80
7.16 12.84
4.74 15.26
9.81 10.19
8.74 11.26
6.43 13.57
2.62 17.38
4.25 15.75
9.00 11.00
13.10 6.90
6.33 13.67
8.11 11.89
10.09 9.91
19.15 0.85
7.34 12.66
9.85 10.15
8.53 11.47
6.11 13.89
3.86 16.14
3.47 16.53
9.52 10.48
11.13 8.87
16.38 3.62
4.36 15.64
4.94 15.06
19.67 0.33
2.23 17.77
15.64 4.36
19.06 0.94
17.77 2.23
10.75 9.25
0.66 19.34
3.84 16.16
10.45 9.55
7.03 12.97
18.17 1.83
11.59 8.41
12.99 7.01
17.12 2.88
8.75 11.25
5.80 14.20
5.66 14.34
16.06 3.94
18.77 1.23
11.61 8.39
10.26 9.74
8.86 11.14
5.04 14.96
2.89 17.11
14.42 5.58
8.52 11.48
5.96 14.04
5.38 14.62
7.14 12.86
3.94 16.06
2.75 17.25
7.73 12.27
8.45 11.55
12.12 7.88
8.45 11.55
17.28 2.72
0.19 19.81
4.34 15.66
11.77 8.23
13.73 6.27
0.44 19.56
0.65 19.35
15.02 4.98
19.36 0.64
17.52 2.48
9.40 10.60
5.03 14.97
16.61 3.39
6.51 13.49
3.91 16.09
2.86 17.14
10.35 9.65
4.68 15.32
8.69 11.31
9.40 10.60
1.26 18.74
10.38 9.62
7.07 12.93
8.45 11.55
10.49 9.51
8.14 11.86
9.60 10.40
11.64 8.36
12.84 7.16
17.30 2.70
19.61 0.39
8.21 11.79
5.21 14.79
14.25 5.75
12.78 7.22
2.95 17.05
11.29 8.71
1.71 18.29
10.83 9.17
8.71 11.29
12.02 7.98
10.22 9.78
14.11 5.89
7.50 12.50
11.58 8.42
18.87 1.13
8.79 11.21
12.09 7.91
2.31 17.69
14.31 5.69
12.70 7.30
1.07 18.93
19.52 0.48
15.27 4.73
14.45 5.55
19.79 0.21
5.46 14.54
10.23 9.77
3.66 16.34
0.16 19.84
18.94 1.06
13.19 6.81
10.25 9.75
16.24 3.76
18.00 2.00
18.37 1.63
17.38 2.62
2.40 17.60
7.13 12.87
18.52 1.48
8.34 11.66
5.10 14.90
8.55 11.45
19.58 0.42
15.08 4.92
2.74 17.26
13.33 6.67
15.29 4.71
2.04 17.96
7.39 12.61
3.69 16.31
9.60 10.40
14.20 5.80
18.12 1.88
2.03 17.97
17.84 2.16
3.80 16.20
7.32 12.68
0.77 19.23
9.09 10.91
9.15 10.85
1.02 18.98
5.17 14.83
12.75 7.25
3.24 16.76
13.30 6.70
8.14 11.86
13.67 6.33
4.27 15.73
1.07 18.93
8.40 11.60
2.94 17.06
17.19 2.81
3.59 16.41
6.86 13.14
8.47 11.53
8.23 11.77
16.68 3.32
14.74 5.26
13.13 6.87
3.08 16.92
17.32 2.68
3.47 16.53
9.42 10.58
6.32 13.68
15.07 4.93
1.21 18.79
4.75 15.25
12.09 7.91
13.96 6.04
3.58 16.42
2.24 17.76
6.27 13.73
8.83 11.17
16.32 3.68
15.78 4.22
19.12 0.88
1.80 18.20
17.02 2.98
18.74 1.26
12.44 7.56
19.73 0.27
14.24 5.76
16.31 3.69
6.62 13.38
18.44 1.56
14.10 5.90
0.50 19.50
2.10 17.90
12.11 7.89
7.10 12.90
17.85 2.15
10.41 9.59
12.94 7.06
9.05 10.95
2.98 17.02
13.07 6.93
19.99 0.01
11.55 8.45
6.47 13.53
6.77 13.23
13.14 6.86
18.39 1.61
2.86 17.14
13.59 6.41
18.66 1.34
15.63 4.37
3.69 16.31
10.81 9.19
3.16 16.84
18.15 1.85
17.86 2.14
12.81 7.19
12.32 7.68
0.14 19.86
5.65 14.35
7.31 12.69
4.42 15.58
9.60 10.40
17.08 2.92
6.87 13.13
8.03 11.97
4.09 15.91
3.00 17.00
8.75 11.25
1.66 18.34
19.50 0.50
16.11 3.89
1.93 18.07
17.85 2.15
19.62 0.38
12.91 7.09
5.83 14.17
18.42 1.58
0.23 19.77
2.88 17.12
13.05 6.95
0.23 19.77
10.38 9.62
13.23 6.77
11.83 8.17
0.73 19.27
18.17 1.83
16.32 3.68
14.63 5.37
0.11 19.89
19.38 0.62
4.06 15.94
14.87 5.13
4.14 15.86
0.03 19.97
6.96 13.04
5.99 14.01
0.57 19.43
13.00 7.00
18.60 1.40
12.62 7.38
8.75 11.25
10.63 9.37
12.06 7.94
0.66 19.34
17.53 2.47
6.96 13.04
15.47 4.53
12.55 7.45
10.17 9.83
16.23 3.77
19.96 0.04
10.62 9.38
3.58 16.42
6.52 13.48
16.29 3.71
18.75 1.25
18.58 1.42
8.00 12.00
19.05 0.95
15.14 4.86
10.45 9.55
15.72 4.28
15.84 4.16
12.79 7.21
6.48 13.52
8.42 11.58
3.13 16.87
1.67 18.33
6.78 13.22
7.37 12.63
17.80 2.20
1.63 18.37
13.21 6.79
17.95 2.05
17.16 2.84
0.72 19.28
2.75 17.25
13.08 6.92
8.02 11.98
15.26 4.74
7.71 12.29
9.04 10.96
17.39 2.61
5.07 14.93
12.74 7.26
14.04 5.96
16.92 3.08
7.81 12.19
5.71 14.29
12.54 7.46
13.20 6.80
6.74 13.26
18.67 1.33
5.75 14.25
7.98 12.02
10.69 9.31
3.43 16.57
6.95 13.05
3.32 16.68
12.00 8.00
11.91 8.09
3.24 16.76
8.95 11.05
13.35 6.65
10.53 9.47
6.72 13.28
12.02 7.98
8.67 11.33
6.86 13.14
12.09 7.91
11.20 8.80
6.22 13.78
5.58 14.42
9.88 10.12
9.60 10.40
18.33 1.67
14.29 5.71
11.07 8.93
8.27 11.73
8.52 11.48
10.54 9.46
1.70 18.30
15.92 4.08
9.41 10.59
14.55 5.45
2.48 17.52
6.42 13.58
6.58 13.42
7.81 12.19
3.24 16.76
15.96 4.04
2.85 17.15
5.60 14.40
2.33 17.67
5.78 14.22
18.35 1.65
13.07 6.93
14.83 5.17
1.28 18.72
7.63 12.37
19.38 0.62
2.48 17.52
12.37 7.63
12.26 7.74
17.03 2.97
8.25 11.75
15.56 4.44
9.44 10.56
5.90 14.10
8.34 11.66
2.53 17.47
14.09 5.91
19.64 0.36
0.62 19.38
1.87 18.13
15.85 4.15
1.91 18.09
15.98 4.02
14.99 5.01
0.34 19.66
7.06 12.94
14.15 5.85
13.15 6.85
19.61 0.39
2.83 17.17
17.59 2.41
14.47 5.53
4.38 15.62
6.61 13.39
17.58 2.42
10.35 9.65
6.89 13.11
17.56 2.44
12.86 7.14
8.28 11.72
11.34 8.66
6.56 13.44
15.67 4.33
3.95 16.05
16.50 3.50
2.71 17.29
7.33 12.67
14.92 5.08
11.09 8.91
12.41 7.59
10.07 9.93
7.92 12.08
9.88 10.12
15.19 4.81
1.18 18.82
12.92 7.08
13.45 6.55
12.52 7.48
19.88 0.12
9.12 10.88
16.31 3.69
8.07 11.93
5.08 14.92
1.59 18.41
14.78 5.22
2.67 17.33
8.73 11.27
15.86 4.14
8.48 11.52
3.35 16.65
8.41 11.59
10.61 9.39
15.00 5.00
16.32 3.68
3.14 16.86
0.28 19.72
19.70 0.30
11.19 8.81
0.80 19.20
6.73 13.27
17.55 2.45
9.30 10.70
6.03 13.97
2.86 17.14
16.54 3.46
13.70 6.30
11.61 8.39
4.78 15.22
4.95 15.05
15.39 4.61
11.65 8.35
15.85 4.15
16.54 3.46
17.75 2.25
7.17 12.83
18.99 1.01
3.31 16.69
3.89 16.11
7.64 12.36
1.71 18.29
7.34 12.66
17.33 2.67
9.80 10.20
18.12 1.88
6.19 13.81
13.98 6.02
13.75 6.25
5.92 14.08
6.80 13.20
5.42 14.58
3.81 16.19
1.39 18.61
5.76 14.24
15.82 4.18
14.26 5.74
14.47 5.53
2.89 17.11
18.25 1.75
13.52 6.48
17.93 2.07
13.28 6.72
18.35 1.65
2.65 17.35
9.89 10.11
14.37 5.63
5.66 14.34
3.91 16.09
16.74 3.26
7.74 12.26
15.26 4.74
19.02 0.98
16.93 3.07
18.56 1.44
14.94 5.06
4.30 15.70
2.21 17.79
15.88 4.12
7.39 12.61
12.24 7.76
15.31 4.69
0.91 19.09
7.12 12.88
19.47 0.53
16.24 3.76
6.22 13.78
5.90 14.10
7.03 12.97
12.16 7.84
3.15 16.85
15.34 4.66
5.60 14.40
17.12 2.88
19.55 0.45
9.94 10.06
2.83 17.17
1.24 18.76
13.43 6.57
13.94 6.06
7.76 12.24
0.88 19.12
2.94 17.06
17.21 2.79
17.15 2.85
15.04 4.96
4.92 15.08
11.42 8.58
15.11 4.89
8.62 11.38
7.26 12.74
9.31 10.69
16.69 3.31
3.54 16.46
16.57 3.43
14.44 5.56
6.07 13.93
5.40 14.60
8.45 11.55
11.06 8.94
12.44 7.56
2.07 17.93
14.21 5.79
13.84 6.16
14.15 5.85
16.51 3.49
16.12 3.88
9.26 10.74
14.08 5.92
5.47 14.53
0.08 19.92
17.06 2.94
6.30 13.70
12.95 7.05
12.84 7.16
3.53 16.47
18.28 1.72
11.33 8.67
8.52 11.48
16.89 3.11
19.97 0.03
19.25 0.75
12.33 7.67
9.58 10.42
3.64 16.36
2.31 17.69
16.80 3.20
10.33 9.67
9.97 10.03
6.95 13.05
2.54 17.46
16.68 3.32
6.84 13.16
12.28 7.72
13.89 6.11
17.92 2.08
6.04 13.96
14.51 5.49
17.97 2.03
4.87 15.13
3.25 16.75
6.96 13.04
5.59 14.41
2.54 17.46
12.66 7.34
11.74 8.26
19.90 0.10
13.02 6.98
16.46 3.54
2.96 17.04
4.02 15.98
1.63 18.37
11.74 8.26
9.93 10.07
14.23 5.77
14.97 5.03
9.85 10.15
2.96 17.04
9.03 10.97
15.46 4.54
8.70 11.30
3.42 16.58
3.57 16.43
13.25 6.75
7.84 12.16
11.46 8.54
7.55 12.45
6.04 13.96
3.30 16.70
10.72 9.28
3.17 16.83
13.63 6.37
8.50 11.50
17.86 2.14
9.57 10.43
1.95 18.05
14.84 5.16
2.51 17.49
16.98 3.02
13.68 6.32
10.19 9.81
8.23 11.77
6.60 13.40
0.35 19.65
6.00 14.00
10.54 9.46
14.81 5.19
8.68 11.32
18.00 2.00
16.13 3.87
18.15 1.85
10.29 9.71
13.48 6.52
0.49 19.51
0.37 19.63
3.88 16.12
11.85 8.15
6.58 13.42
13.30 6.70
11.43 8.57
13.97 6.03
12.18 7.82
7.00 13.00
16.97 3.03
10.53 9.47
10.98 9.02
15.97 4.03
18.09 1.91
10.38 9.62
9.00 11.00
9.01 10.99
6.48 13.52
19.31 0.69
4.14 15.86
18.51 1.49
10.99 9.01
10.97 9.03
7.01 12.99
1.40 18.60
4.93 15.07
6.59 13.41
10.21 9.79
6.75 13.25
13.06 6.94
6.38 13.62
14.20 5.80
4.89 15.11
15.53 4.47
17.10 2.90
19.35 0.65
14.46 5.54
13.17 6.83
10.39 9.61
16.37 3.63
6.34 13.66
3.09 16.91
5.86 14.14
13.79 6.21
12.14 7.86
14.74 5.26
16.56 3.44
16.04 3.96
13.68 6.32
16.35 3.65
6.08 13.92
3.93 16.07
18.29 1.71
2.63 17.37
8.50 11.50
16.85 3.15
1.01 18.99
7.45 12.55
8.00 12.00
10.72 9.28
2.34 17.66
12.98 7.02
1.70 18.30
5.60 14.40
1.99 18.01
11.84 8.16
17.09 2.91
11.60 8.40
15.70 4.30
1.32 18.68
18.95 1.05
7.08 12.92
1.24 18.76
11.73 8.27
5.60 14.40
3.15 16.85
10.90 9.10
18.58 1.42
8.87 11.13
0.24 19.76
14.87 5.13
5.98 14.02
5.11 14.89
4.51 15.49
7.50 12.50
6.90 13.10
5.59 14.41
2.83 17.17
0.71 19.29
15.26 4.74
8.46 11.54
19.89 0.11
7.55 12.45
19.10 0.90
17.29 2.71
8.11 11.89
12.07 7.93
13.76 6.24
18.99 1.01
19.60 0.40
0.98 19.02
13.18 6.82
19.70 0.30
15.26 4.74
19.38 0.62
9.20 10.80
0.33 19.67
1.21 18.79
0.86 19.14
13.89 6.11
1.85 18.15
17.40 2.60
2.09 17.91
17.04 2.96
2.73 17.27
18.64 1.36
13.41 6.59
8.39 11.61
6.19 13.81
10.76 9.24
7.48 12.52
1.91 18.09
12.75 7.25
11.70 8.30
8.71 11.29
7.48 12.52
6.72 13.28
4.80 15.20
16.83 3.17
6.38 13.62
9.90 10.10
15.78 4.22
2.17 17.83
7.02 12.98
7.95 12.05
6.26 13.74
18.94 1.06
11.70 8.30
18.04 1.96
12.67 7.33
0.65 19.35
17.30 2.70
0.55 19.45
6.94 13.06
11.40 8.60
0.43 19.57
19.80 0.20
6.18 13.82
0.72 19.28
0.00 20.00
10.91 9.09
9.43 10.57
9.88 10.12
9.58 10.42
8.50 11.50
12.80 7.20
4.05 15.95
0.31 19.69
11.83 8.17
12.64 7.36
14.39 5.61
12.66 7.34
5.63 14.37
6.45 13.55
12.20 7.80
15.72 4.28
2.78 17.22
15.89 4.11
16.64 3.36
3.65 16.35
4.27 15.73
3.72 16.28
11.23 8.77
10.85 9.15
3.29 16.71
9.93 10.07
5.41 14.59
4.51 15.49
9.81 10.19
9.91 10.09
4.17 15.83
14.98 5.02
2.86 17.14
12.79 7.21
9.37 10.63
14.36 5.64
10.83 9.17
5.43 14.57
15.36 4.64
1.42 18.58
11.04 8.96
6.64 13.36
7.37 12.63
4.66 15.34
1.18 18.82
4.04 15.96
2.31 17.69
1.13 18.87
14.24 5.76
10.16 9.84
11.00 9.00
5.12 14.88
5.86 14.14
7.71 12.29
1.38 18.62
7.46 12.54
5.94 14.06
15.77 4.23
10.93 9.07
16.82 3.18
1.66 18.34
11.03 8.97
6.72 13.28
3.68 16.32
0.89 19.11
18.93 1.07
5.63 14.37
19.25 0.75
2.86 17.14
0.13 19.87
2.38 17.62
17.77 2.23
18.46 1.54
14.03 5.97
17.90 2.10
10.92 9.08
10.37 9.63
18.38 1.62
10.26 9.74
2.19 17.81
13.47 6.53
3.10 16.90
0.82 19.18
19.45 0.55
5.17 14.83
15.62 4.38
15.12 4.88
18.64 1.36
5.48 14.52
13.96 6.04
4.41 15.59
8.99 11.01
18.97 1.03
10.98 9.02
9.86 10.14
3.25 16.75
3.17 16.83
14.63 5.37
17.95 2.05
11.44 8.56
0.59 19.41
15.71 4.29
10.36 9.64
1.00 19.00
14.56 5.44
3.24 16.76
13.10 6.90
7.65 12.35
6.94 13.06
15.99 4.01
8.51 11.49
12.39 7.61
13.23 6.77
16.97 3.03
2.17 17.83
15.45 4.55
9.29 10.71
14.49 5.51
6.22 13.78
18.81 1.19
3.41 16.59
16.45 3.55
17.98 2.02
19.04 0.96
17.36 2.64
17.35 2.65
4.19 15.81
17.96 2.04
13.45 6.55
10.11 9.89
12.11 7.89
0.12 19.88
4.28 15.72
18.45 1.55
4.81 15.19
12.37 7.63
6.60 13.40
5.08 14.92
4.24 15.76
8.43 11.57
10.18 9.82
2.54 17.46
10.64 9.36
14.38 5.62
7.27 12.73
2.24 17.76
10.87 9.13
14.57 5.43
8.09 11.91
10.47 9.53
4.68 15.32
9.34 10.66
4.18 15.82
6.43 13.57
5.16 14.84
10.47 9.53
12.13 7.87
10.59 9.41
9.65 10.35
6.26 13.74
10.55 9.45
14.10 5.90
17.20 2.80
1.09 18.91
8.21 11.79
17.62 2.38
0.38 19.62
11.02 8.98
2.79 17.21
14.23 5.77
12.80 7.20
6.90 13.10
15.58 4.42
9.15 10.85
10.11 9.89
8.20 11.80
13.15 6.85
18.65 1.35
19.34 0.66
5.86 14.14
14.00 6.00
6.80 13.20
2.99 17.01
18.51 1.49
9.40 10.60
2.66 17.34
3.48 16.52
6.33 13.67
16.70 3.30
16.38 3.62
11.16 8.84
2.86 17.14
16.42 3.58
16.24 3.76
2.86 17.14
3.35 16.65
7.85 12.15
5.90 14.10
10.80 9.20
3.09 16.91
16.30 3.70
5.01 14.99
10.42 9.58
11.81 8.19
0.02 19.98
4.64 15.36
1.97 18.03
5.18 14.82
13.18 6.82
7.80 12.20
7.67 12.33
9.62 10.38
16.84 3.16
7.00 13.00
13.52 6.48
18.75 1.25
18.39 1.61
17.77 2.23
15.45 4.55
7.08 12.92
10.39 9.61
17.77 2.23
12.79 7.21
19.52 0.48
1.79 18.21
1.41 18.59
13.86 6.14
18.79 1.21
2.94 17.06
8.31 11.69
17.81 2.19
16.85 3.15
11.46 8.54
6.35 13.65
3.46 16.54
12.38 7.62
14.90 5.10
5.56 14.44
6.43 13.57
18.43 1.57
3.32 16.68
7.01 12.99
12.12 7.88
13.85 6.15
13.51 6.49
13.00 7.00
1.22 18.78
16.05 3.95
14.19 5.81
8.40 11.60
12.18 7.82
9.80 10.20
15.24 4.76
12.61 7.39
17.75 2.25
6.68 13.32
2.15 17.85
7.65 12.35
18.70 1.30
19.22 0.78
17.05 2.95
6.67 13.33
1.46 18.54
0.77 19.23
14.57 5.43
8.09 11.91
14.69 5.31
4.90 15.10
16.11 3.89
19.49 0.51
16.62 3.38
0.44 19.56
7.74 12.26
11.23 8.77
13.85 6.15
12.68 7.32
10.02 9.98
10.88 9.12
10.07 9.93
9.70 10.30
10.03 9.97
14.90 5.10
18.80 1.20
8.91 11.09
12.10 7.90
7.98 12.02
10.03 9.97
19.72 0.28
17.57 2.43
19.32 0.68
7.13 12.87
17.01 2.99
13.87 6.13
17.61 2.39
5.76 14.24
14.67 5.33
3.93 16.07
6.86 13.14
16.35 3.65
13.00 7.00
2.25 17.75
0.39 19.61
6.47 13.53
4.11 15.89
17.27 2.73
19.91 0.09
4.70 15.30
3.97 16.03
6.57 13.43
17.88 2.12
0.17 19.83
6.61 13.39
6.86 13.14
13.03 6.97
6.11 13.89
10.81 9.19
3.64 16.36
17.18 2.82
3.52 16.48
19.93 0.07
7.69 12.31
8.20 11.80
15.11 4.89
3.26 16.74
10.95 9.05
1.79 18.21
2.48 17.52
5.70 14.30
13.68 6.32
4.90 15.10
16.24 3.76
19.96 0.04
8.13 11.87
6.36 13.64
13.85 6.15
11.72 8.28
2.09 17.91
14.78 5.22
5.14 14.86
18.29 1.71
3.91 16.09
14.91 5.09
19.72 0.28
12.94 7.06
0.08 19.92
12.67 7.33
15.11 4.89
17.60 2.40
9.86 10.14
4.61 15.39
0.56 19.44
7.29 12.71
13.76 6.24
5.58 14.42
9.37 10.63
5.40 14.60
6.33 13.67
4.96 15.04
19.65 0.35
17.70 2.30
0.56 19.44
15.70 4.30
15.78 4.22
12.94 7.06
18.42 1.58
15.41 4.59
0.93 19.07
11.25 8.75
17.43 2.57
3.40 16.60
3.98 16.02
6.03 13.97
18.15 1.85
9.27 10.73
7.62 12.38
4.16 15.84
8.56 11.44
0.93 19.07
19.23 0.77
2.15 17.85
12.59 7.41
12.81 7.19
7.11 12.89
12.20 7.80
9.04 10.96
18.98 1.02
19.89 0.11
3.43 16.57
9.06 10.94
11.29 8.71
17.09 2.91
15.13 4.87
19.96 0.04
18.74 1.26
1.25 18.75
3.18 16.82
11.91 8.09
11.31 8.69
7.50 12.50
15.82 4.18
12.63 7.37
3.64 16.36
3.85 16.15
16.62 3.38
10.61 9.39
10.50 9.50
13.32 6.68
19.11 0.89
8.18 11.82
17.78 2.22
2.45 17.55
15.49 4.51
13.16 6.84
15.35 4.65
16.03 3.97
4.73 15.27
1.72 18.28
15.37 4.63
18.76 1.24
19.70 0.30
16.46 3.54
19.41 0.59
9.28 10.72
5.90 14.10
6.52 13.48
15.26 4.74
3.39 16.61
2.50 17.50
15.79 4.21
9.30 10.70
19.01 0.99
17.38 2.62
6.52 13.48
2.01 17.99
19.99 0.01
10.38 9.62
16.93 3.07
11.90 8.10
17.73 2.27
11.05 8.95
9.70 10.30
5.90 14.10
8.72 11.28
10.49 9.51
2.83 17.17
9.42 10.58
12.36 7.64
14.72 5.28
14.12 5.88
16.90 3.10
18.20 1.80
17.99 2.01
7.48 12.52
13.95 6.05
5.98 14.02
8.52 11.48
15.16 4.84
16.92 3.08
2.96 17.04
14.96 5.04
16.68 3.32
0.06 19.94
11.20 8.80
17.34 2.66
10.66 9.34
7.86 12.14
10.71 9.29
19.45 0.55
5.28 14.72
7.47 12.53
6.77 13.23
11.93 8.07
17.16 2.84
18.84 1.16
0.33 19.67
4.18 15.82
13.86 6.14
1.71 18.29
16.71 3.29
13.45 6.55
14.88 5.12
11.80 8.20
3.91 16.09
19.00 1.00
5.47 14.53
5.40 14.60
11.23 8.77
7.80 12.20
15.84 4.16
3.66 16.34
14.04 5.96
2.26 17.74
12.52 7.48
17.74 2.26
8.08 11.92
15.82 4.18
2.42 17.58
6.21 13.79
19.57 0.43
14.88 5.12
8.05 11.95
18.25 1.75
0.65 19.35
16.31 3.69
9.26 10.74
17.15 2.85
17.96 2.04
14.02 5.98
6.87 13.13
1.27 18.73
1.42 18.58
0.80 19.20
15.44 4.56
12.30 7.70
14.22 5.78
0.15 19.85
11.16 8.84
1.44 18.56
18.38 1.62
0.51 19.49
17.61 2.39
11.72 8.28
14.38 5.62
9.92 10.08
11.12 8.88
19.39 0.61
6.16 13.84
12.89 7.11
14.58 5.42
4.14 15.86
16.22 3.78
17.62 2.38
10.82 9.18
11.76 8.24
17.96 2.04
1.89 18.11
14.75 5.25
10.08 9.92
6.41 13.59
15.54 4.46
19.92 0.08
15.60 4.40
5.75 14.25
13.46 6.54
9.52 10.48
3.71 16.29
3.10 16.90
12.76 7.24
9.98 10.02
16.13 3.87
17.34 2.66
2.26 17.74
12.06 7.94
17.15 2.85
15.26 4.74
18.19 1.81
6.67 13.33
2.49 17.51
17.38 2.62
10.69 9.31
6.56 13.44
17.04 2.96
3.96 16.04
11.85 8.15
16.70 3.30
12.03 7.97
3.96 16.04
16.71 3.29
18.54 1.46
1.67 18.33
16.02 3.98
19.76 0.24
16.10 3.90
14.65 5.35
16.20 3.80
3.86 16.14
16.45 3.55
0.56 19.44
3.82 16.18
3.45 16.55
15.51 4.49
19.00 1.00
13.54 6.46
19.43 0.57
5.46 14.54
12.76 7.24
13.26 6.74
0.64 19.36
5.94 14.06
14.32 5.68
10.93 9.07
14.17 5.83
1.20 18.80
1.49 18.51
9.13 10.87
5.09 14.91
0.69 19.31
11.13 8.87
8.68 11.32
19.67 0.33
6.95 13.05
11.95 8.05
4.48 15.52
1.22 18.78
0.83 19.17
6.80 13.20
10.53 9.47
10.05 9.95
13.08 6.92
7.53 12.47
17.28 2.72
13.06 6.94
6.64 13.36
2.51 17.49
14.76 5.24
16.44 3.56
8.18 11.82
19.85 0.15
4.72 15.28
19.68 0.32
0.45 19.55
8.64 11.36
16.45 3.55
5.39 14.61
3.10 16.90
3.61 16.39
18.68 1.32
9.38 10.62
1.11 18.89
9.31 10.69
4.58 15.42
19.17 0.83
9.89 10.11
16.01 3.99
6.88 13.12
8.92 11.08
15.55 4.45
6.33 13.67
14.61 5.39
14.78 5.22
11.53 8.47
12.61 7.39
2.22 17.78
9.83 10.17
9.45 10.55
13.75 6.25
9.85 10.15
1.54 18.46
10.74 9.26
14.02 5.98
0.91 19.09
16.40 3.60
3.80 16.20
9.81 10.19
8.90 11.10
1.54 18.46
7.40 12.60
0.34 19.66
15.51 4.49
8.44 11.56
2.62 17.38
4.71 15.29
0.52 19.48
13.11 6.89
7.33 12.67
13.17 6.83
6.17 13.83
18.87 1.13
15.51 4.49
18.21 1.79
2.51 17.49
8.52 11.48
15.34 4.66
14.19 5.81
3.52 16.48
4.80 15.20
6.03 13.97
17.51 2.49
4.73 15.27
11.51 8.49
10.52 9.48
12.04 7.96
10.38 9.62
10.57 9.43
5.76 14.24
16.97 3.03
11.93 8.07
9.84 10.16
6.54 13.46
0.49 19.51
8.10 11.90
15.42 4.58
13.44 6.56
12.27 7.73
17.88 2.12
8.52 11.48
12.08 7.92
19.29 0.71
11.36 8.64
14.47 5.53
6.56 13.44
2.06 17.94
3.05 16.95
14.62 5.38
0.19 19.81
7.89 12.11
17.21 2.79
4.54 15.46
15.79 4.21
1.48 18.52
0.11 19.89
3.71 16.29
14.38 5.62
19.69 0.31
7.42 12.58
3.06 16.94
6.05 13.95
10.30 9.70
8.98 11.02
1.83 18.17
15.24 4.76
13.85 6.15
14.23 5.77
0.43 19.57
0.61 19.39
19.75 0.25
19.35 0.65
12.61 7.39
19.91 0.09
3.89 16.11
11.86 8.14
5.53 14.47
17.65 2.35
3.22 16.78
9.20 10.80
17.77 2.23
10.96 9.04
2.76 17.24
12.14 7.86
18.66 1.34
9.16 10.84
9.38 10.62
6.88 13.12
15.68 4.32
15.04 4.96
2.46 17.54
14.58 5.42
1.61 18.39
18.00 2.00
16.59 3.41
17.75 2.25
3.87 16.13
15.30 4.70
10.77 9.23
17.11 2.89
15.47 4.53
19.75 0.25
3.70 16.30
0.23 19.77
16.34 3.66
1.08 18.92
6.71 13.29
9.18 10.82
7.16 12.84
13.97 6.03
6.76 13.24
3.20 16.80
8.68 11.32
12.67 7.33
12.95 7.05
2.29 17.71
17.26 2.74
16.55 3.45
2.29 17.71
7.58 12.42
9.67 10.33
7.29 12.71
2.74 17.26
9.07 10.93
14.79 5.21
6.75 13.25
3.17 16.83
11.58 8.42
7.98 12.02
17.11 2.89
19.15 0.85
3.40 16.60
3.51 16.49
18.46 1.54
9.09 10.91
6.70 13.30
0.61 19.39
0.61 19.39
5.59 14.41
12.55 7.45
17.42 2.58
12.40 7.60
2.79 17.21
15.16 4.84
3.18 16.82
8.60 11.40
18.01 1.99
17.96 2.04
0.77 19.23
5.82 14.18
15.93 4.07
19.60 0.40
8.38 11.62
14.50 5.50
7.41 12.59
15.94 4.06
18.07 1.93
15.85 4.15
10.65 9.35
2.49 17.51
6.43 13.57
9.32 10.68
17.72 2.28
5.12 14.88
9.96 10.04
2.07 17.93
10.96 9.04
5.45 14.55
4.61 15.39
2.79 17.21
12.12 7.88
9.53 10.47
8.25 11.75
12.38 7.62
10.74 9.26
0.86 19.14
9.97 10.03
3.18 16.82
2.23 17.77
0.67 19.33
8.19 11.81
8.96 11.04
11.70 8.30
1.09 18.91
0.32 19.68
3.99 16.01
10.81 9.19
10.06 9.94
18.09 1.91
16.93 3.07
19.45 0.55
19.45 0.55
9.70 10.30
4.63 15.37
14.02 5.98
10.12 9.88
2.01 17.99
2.24 17.76
14.19 5.81
15.77 4.23
6.64 13.36
17.58 2.42
15.61 4.39
18.81 1.19
2.01 17.99
10.02 9.98
4.37 15.63
7.68 12.32
2.19 17.81
11.53 8.47
3.39 16.61
15.38 4.62
10.88 9.12
0.49 19.51
9.44 10.56
12.07 7.93
14.65 5.35
13.03 6.97
5.73 14.27
19.87 0.13
18.22 1.78
11.62 8.38
10.54 9.46
5.69 14.31
17.58 2.42
18.65 1.35
8.33 11.67
15.85 4.15
10.07 9.93
8.24 11.76
7.88 12.12
17.22 2.78
6.84 13.16
1.62 18.38
6.30 13.70
11.14 8.86
15.64 4.36
12.43 7.57
11.51 8.49
11.24 8.76
19.94 0.06
16.66 3.34
15.59 4.41
5.95 14.05
19.22 0.78
12.01 7.99
8.51 11.49
17.89 2.11
8.37 11.63
12.21 7.79
1.68 18.32
2.52 17.48
10.03 9.97
8.85 11.15
6.13 13.87
2.76 17.24
3.65 16.35
16.86 3.14
15.55 4.45
0.14 19.86
14.20 5.80
10.63 9.37
4.77 15.23
1.28 18.72
19.95 0.05
4.57 15.43
0.66 19.34
0.32 19.68
0.21 19.79
0.18 19.82
5.14 14.86
2.49 17.51
13.32 6.68
1.12 18.88
11.89 8.11
18.24 1.76
16.63 3.37
18.80 1.20
0.66 19.34
12.13 7.87
18.58 1.42
16.87 3.13
8.49 11.51
3.04 16.96
16.73 3.27
4.60 15.40
4.09 15.91
2.29 17.71
12.06 7.94
0.22 19.78
15.68 4.32
3.96 16.04
10.25 9.75
7.84 12.16
18.15 1.85
19.96 0.04
7.06 12.94
1.64 18.36
5.11 14.89
12.41 7.59
18.87 1.13
2.10 17.90
6.45 13.55
4.21 15.79
1.11 18.89
13.90 6.10
9.27 10.73
7.13 12.87
0.10 19.90
10.94 9.06
3.25 16.75
19.50 0.50
6.86 13.14
0.10 19.90
14.48 5.52
18.41 1.59
12.76 7.24
4.97 15.03
13.60 6.40
15.47 4.53
11.42 8.58
10.36 9.64
13.14 6.86
1.07 18.93
11.87 8.13
17.82 2.18
13.09 6.91
5.00 15.00
8.47 11.53
8.47 11.53
16.13 3.87
9.91 10.09
10.01 9.99
4.77 15.23
14.32 5.68
4.32 15.68
14.28 5.72
17.04 2.96
19.46 0.54
9.32 10.68
5.58 14.42
12.64 7.36
19.19 0.81
18.89 1.11
11.14 8.86
1.24 18.76
18.64 1.36
15.52 4.48
19.66 0.34
19.02 0.98
7.22 12.78
8.60 11.40
7.36 12.64
19.33 0.67
18.59 1.41
14.30 5.70
14.63 5.37
11.53 8.47
17.81 2.19
8.38 11.62
14.65 5.35
7.89 12.11
14.02 5.98
1.95 18.05
8.28 11.72
13.29 6.71
10.14 9.86
13.32 6.68
12.24 7.76
14.21 5.79
9.83 10.17
6.01 13.99
13.92 6.08
19.67 0.33
7.06 12.94
11.08 8.92
4.82 15.18
18.55 1.45
6.34 13.66
16.62 3.38
16.62 3.38
8.58 11.42
1.92 18.08
0.79 19.21
8.72 11.28
9.63 10.37
5.92 14.08
3.01 16.99
2.03 17.97
14.33 5.67
17.28 2.72
18.05 1.95
1.18 18.82
13.53 6.47
6.51 13.49
11.07 8.93
19.38 0.62
14.24 5.76
3.42 16.58
11.86 8.14
7.59 12.41
2.70 17.30
6.70 13.30
10.24 9.76
2.37 17.63
6.78 13.22
7.20 12.80
9.77 10.23
0.04 19.96
17.89 2.11
15.78 4.22
13.79 6.21
8.48 11.52
0.42 19.58
14.41 5.59
18.25 1.75
2.55 17.45
16.56 3.44
18.88 1.12
0.88 19.12
11.02 8.98
2.07 17.93
17.21 2.79
8.75 11.25
16.48 3.52
0.66 19.34
3.83 16.17
5.94 14.06
15.20 4.80
10.80 9.20
12.91 7.09
15.62 4.38
2.61 17.39
13.13 6.87
1.65 18.35
6.22 13.78
16.38 3.62
14.68 5.32
9.06 10.94
1.54 18.46
1.23 18.77
3.32 16.68
16.70 3.30
0.28 19.72
13.11 6.89
3.92 16.08
2.94 17.06
5.19 14.81
19.64 0.36
7.21 12.79
8.05 11.95
15.44 4.56
8.74 11.26
7.36 12.64
2.90 17.10
13.86 6.14
18.46 1.54
10.55 9.45
1.58 18.42
4.32 15.68
15.98 4.02
11.29 8.71
2.25 17.75
6.32 13.68
12.73 7.27
5.04 14.96
16.06 3.94
18.64 1.36
9.55 10.45
2.24 17.76
3.47 16.53
10.23 9.77
17.72 2.28
7.97 12.03
14.79 5.21
19.45 0.55
1.93 18.07
11.64 8.36
7.46 12.54
1.32 18.68
12.00 8.00
18.78 1.22
17.78 2.22
9.35 10.65
12.79 7.21
10.03 9.97
18.61 1.39
7.41 12.59
9.44 10.56
18.26 1.74
19.00 1.00
6.89 13.11
13.38 6.62
17.98 2.02
6.16 13.84
9.86 10.14
14.87 5.13
2.66 17.34
18.77 1.23
13.27 6.73
11.74 8.26
12.12 7.88
19.82 0.18
16.39 3.61
18.37 1.63
3.34 16.66
17.28 2.72
9.86 10.14
16.79 3.21
7.43 12.57
6.58 13.42
4.93 15.07
15.47 4.53
7.14 12.86
5.98 14.02
19.06 0.94
4.29 15.71
10.30 9.70
10.28 9.72
5.30 14.70
1.13 18.87
12.83 7.17
14.99 5.01
6.15 13.85
18.18 1.82
18.06 1.94
14.50 5.50
7.12 12.88
18.46 1.54
17.95 2.05
11.61 8.39
6.17 13.83
18.30 1.70
16.03 3.97
15.78 4.22
18.36 1.64
15.50 4.50
15.92 4.08
13.67 6.33
9.04 10.96
16.91 3.09
2.19 17.81
13.62 6.38
0.90 19.10
14.35 5.65
17.32 2.68
4.70 15.30
14.29 5.71
12.94 7.06
17.16 2.84
14.49 5.51
17.77 2.23
14.43 5.57
5.50 14.50
10.47 9.53
8.26 11.74
17.47 2.53
0.82 19.18
9.25 10.75
6.28 13.72
11.35 8.65
17.57 2.43
0.60 19.40
9.63 10.37
7.30 12.70
3.20 16.80
1.02 18.98
9.38 10.62
16.06 3.94
15.34 4.66
8.00 12.00
15.33 4.67
17.19 2.81
0.49 19.51
17.99 2.01
7.45 12.55
1.00 19.00
13.56 6.44
11.09 8.91
8.65 11.35
14.27 5.73
15.14 4.86
8.38 11.62
19.20 0.80
10.74 9.26
14.45 5.55
3.98 16.02
5.77 14.23
5.88 14.12
8.26 11.74
15.01 4.99
19.31 0.69
16.01 3.99
6.45 13.55
15.96 4.04
16.86 3.14
5.29 14.71
18.64 1.36
11.23 8.77
5.88 14.12
3.18 16.82
19.18 0.82
7.45 12.55
18.98 1.02
18.94 1.06
1.49 18.51
12.87 7.13
14.91 5.09
3.90 16.10
2.72 17.28
15.16 4.84
12.63 7.37
10.81 9.19
15.33 4.67
3.50 16.50
4.63 15.37
19.53 0.47
18.46 1.54
6.26 13.74
3.18 16.82
6.28 13.72
14.78 5.22
1.93 18.07
5.77 14.23
7.45 12.55
9.96 10.04
19.68 0.32
11.62 8.38
7.20 12.80
10.87 9.13
1.13 18.87
6.29 13.71
1.34 18.66
4.91 15.09
18.16 1.84
0.71 19.29
12.60 7.40
19.68 0.32
19.45 0.55
0.66 19.34
12.07 7.93
15.53 4.47
8.48 11.52
9.11 10.89
1.52 18.48
10.22 9.78
8.53 11.47
2.00 18.00
0.86 19.14
17.28 2.72
12.38 7.62
7.97 12.03
15.18 4.82
16.45 3.55
6.74 13.26
1.47 18.53
19.24 0.76
6.38 13.62
18.27 1.73
11.01 8.99
13.34 6.66
17.86 2.14
10.71 9.29
15.07 4.93
11.38 8.62
19.11 0.89
5.63 14.37
13.39 6.61
10.22 9.78
2.12 17.88
13.99 6.01
7.96 12.04
11.61 8.39
17.39 2.61
9.27 10.73
16.51 3.49
15.19 4.81
4.65 15.35
2.88 17.12
19.73 0.27
9.04 10.96
16.29 3.71
13.27 6.73
9.16 10.84
6.52 13.48
4.63 15.37
9.75 10.25
0.38 19.62
4.93 15.07
11.35 8.65
6.51 13.49
13.08 6.92
4.67 15.33
1.95 18.05
6.84 13.16
10.88 9.12
14.48 5.52
12.60 7.40
17.37 2.63
18.68 1.32
0.60 19.40
1.31 18.69
8.09 11.91
5.71 14.29
8.84 11.16
12.18 7.82
5.43 14.57
2.90 17.10
16.37 3.63
1.95 18.05
4.82 15.18
3.72 16.28
16.67 3.33
19.71 0.29
5.39 14.61
6.50 13.50
8.39 11.61
16.34 3.66
1.08 18.92
8.48 11.52
19.21 0.79
1.50 18.50
1.65 18.35
7.59 12.41
7.08 12.92
9.51 10.49
3.63 16.37
11.99 8.01
3.52 16.48
8.53 11.47
10.36 9.64
18.48 1.52
7.57 12.43
11.32 8.68
11.67 8.33
11.70 8.30
6.79 13.21
16.59 3.41
14.44 5.56
13.10 6.90
16.25 3.75
1.37 18.63
14.75 5.25
8.16 11.84
16.21 3.79
1.22 18.78
14.43 5.57
8.34 11.66
8.86 11.14
12.26 7.74
4.60 15.40
17.28 2.72
15.76 4.24
7.06 12.94
6.77 13.23
4.56 15.44
2.48 17.52
10.62 9.38
16.63 3.37
15.68 4.32
16.97 3.03
0.52 19.48
1.53 18.47
18.19 1.81
11.49 8.51
12.27 7.73
4.29 15.71
1.83 18.17
14.51 5.49
2.87 17.13
10.26 9.74
16.83 3.17
13.09 6.91
2.57 17.43
15.87 4.13
9.19 10.81
16.86 3.14
1.14 18.86
2.15 17.85
18.06 1.94
2.84 17.16
5.50 14.50
2.85 17.15
6.97 13.03
15.78 4.22
9.06 10.94
17.54 2.46
3.00 17.00
15.37 4.63
14.44 5.56
15.56 4.44
6.46 13.54
19.91 0.09
4.52 15.48
1.85 18.15
0.88 19.12
19.14 0.86
2.19 17.81
3.18 16.82
7.62 12.38
14.50 5.50
18.60 1.40
7.29 12.71
3.36 16.64
0.83 19.17
12.10 7.90
14.11 5.89
18.31 1.69
3.31 16.69
10.25 9.75
12.21 7.79
7.57 12.43
10.10 9.90
8.96 11.04
18.37 1.63
14.80 5.20
11.10 8.90
1.53 18.47
7.64 12.36
12.07 7.93
10.44 9.56
8.91 11.09
15.39 4.61
12.55 7.45
2.08 17.92
6.38 13.62
2.00 18.00
4.99 15.01
14.41 5.59
7.82 12.18
12.91 7.09
14.61 5.39
13.93 6.07
8.91 11.09
15.13 4.87
8.99 11.01
4.66 15.34
12.15 7.85
17.88 2.12
5.29 14.71
19.36 0.64
18.65 1.35
4.55 15.45
7.76 12.24
9.48 10.52
7.23 12.77
9.62 10.38
5.53 14.47
13.48 6.52
16.68 3.32
0.16 19.84
14.66 5.34
7.09 12.91
12.56 7.44
10.68 9.32
15.45 4.55
5.89 14.11
0.77 19.23
5.95 14.05
18.90 1.10
10.15 9.85
11.47 8.53
16.99 3.01
10.81 9.19
19.64 0.36
19.41 0.59
3.15 16.85
1.56 18.44
13.73 6.27
5.12 14.88
4.51 15.49
8.91 11.09
19.27 0.73
2.87 17.13
3.45 16.55
7.65 12.35
15.33 4.67
5.35 14.65
2.84 17.16
2.94 17.06
15.40 4.60
15.76 4.24
7.31 12.69
19.84 0.16
2.28 17.72
8.54 11.46
7.51 12.49
17.49 2.51
5.81 14.19
6.19 13.81
9.97 10.03
8.58 11.42
12.41 7.59
6.13 13.87
7.13 12.87
2.35 17.65
1.25 18.75
10.23 9.77
13.26 6.74
17.63 2.37
17.30 2.70
18.94 1.06
7.60 12.40
18.55 1.45
13.65 6.35
16.96 3.04
15.87 4.13
1.42 18.58
2.18 17.82
16.64 3.36
15.82 4.18
17.06 2.94
9.31 10.69
13.15 6.85
4.77 15.23
10.20 9.80
1.57 18.43
10.09 9.91
2.29 17.71
17.85 2.15
7.77 12.23
18.22 1.78
5.14 14.86
9.37 10.63
11.13 8.87
9.18 10.82
6.14 13.86
10.00 10.00
14.86 5.14
9.07 10.93
5.89 14.11
11.72 8.28
4.22 15.78
7.23 12.77
0.90 19.10
9.39 10.61
9.98 10.02
14.22 5.78
15.43 4.57
10.35 9.65
8.63 11.37
14.39 5.61
17.30 2.70
2.44 17.56
3.32 16.68
1.14 18.86
16.25 3.75
14.22 5.78
17.09 2.91
18.57 1.43
6.52 13.48
16.80 3.20
5.16 14.84
7.50 12.50
6.71 13.29
6.50 13.50
2.22 17.78
8.53 11.47
5.66 14.34
16.93 3.07
16.08 3.92
17.84 2.16
14.91 5.09
15.37 4.63
6.46 13.54
9.13 10.87
8.16 11.84
6.30 13.70
14.62 5.38
6.70 13.30
17.91 2.09
10.69 9.31
2.39 17.61
12.73 7.27
8.02 11.98
8.21 11.79
1.40 18.60
18.58 1.42
2.88 17.12
5.90 14.10
7.52 12.48
5.12 14.88
17.18 2.82
13.14 6.86
10.60 9.40
11.84 8.16
14.37 5.63
14.69 5.31
14.00 6.00
11.28 8.72
0.32 19.68
5.01 14.99
1.37 18.63
9.41 10.59
19.16 0.84
2.74 17.26
15.21 4.79
6.42 13.58
17.06 2.94
6.62 13.38
13.59 6.41
16.29 3.71
15.72 4.28
2.48 17.52
7.61 12.39
14.33 5.67
6.59 13.41
2.01 17.99
7.73 12.27
9.44 10.56
12.14 7.86
12.61 7.39
0.14 19.86
4.08 15.92
1.55 18.45
17.73 2.27
2.47 17.53
15.14 4.86
9.96 10.04
16.65 3.35
14.78 5.22
1.97 18.03
7.10 12.90
3.75 16.25
14.12 5.88
9.47 10.53
14.67 5.33
2.68 17.32
16.61 3.39
0.59 19.41
14.29 5.71
8.61 11.39
5.24 14.76
17.81 2.19
6.32 13.68
12.49 7.51
1.52 18.48
9.61 10.39
3.78 16.22
6.73 13.27
10.18 9.82
19.12 0.88
9.01 10.99
0.61 19.39
18.34 1.66
15.04 4.96
16.76 3.24
3.33 16.67
18.61 1.39
2.13 17.87
14.00 6.00
18.27 1.73
3.74 16.26
11.76 8.24
3.20 16.80
14.54 5.46
19.63 0.37
17.93 2.07
17.70 2.30
17.90 2.10
1.90 18.10
8.48 11.52
9.52 10.48
8.60 11.40
2.32 17.68
5.66 14.34
18.78 1.22
1.71 18.29
19.48 0.52
10.14 9.86
10.22 9.78
0.94 19.06
19.30 0.70
16.43 3.57
18.13 1.87
19.28 0.72
0.04 19.96
13.89 6.11
16.92 3.08
4.50 15.50
16.50 3.50
10.54 9.46
12.79 7.21
8.56 11.44
11.78 8.22
9.87 10.13
4.32 15.68
5.05 14.95
5.80 14.20
4.40 15.60
1.44 18.56
7.59 12.41
12.41 7.59
8.08 11.92
19.95 0.05
14.58 5.42
17.53 2.47
8.22 11.78
11.72 8.28
12.51 7.49
1.32 18.68
2.48 17.52
19.94 0.06
9.40 10.60
8.39 11.61
18.07 1.93
13.96 6.04
13.35 6.65
17.49 2.51
19.46 0.54
2.90 17.10
16.00 4.00
2.07 17.93
19.66 0.34
8.07 11.93
0.37 19.63
3.53 16.47
0.34 19.66
10.97 9.03
4.20 15.80
4.20 15.80
16.00 4.00
3.92 16.08
11.21 8.79
9.96 10.04
1.64 18.36
0.47 19.53
16.24 3.76
7.21 12.79
4.43 15.57
1.25 18.75
17.75 2.25
5.38 14.62
8.15 11.85
3.78 16.22
17.38 2.62
4.94 15.06
14.52 5.48
2.52 17.48
19.39 0.61
19.12 0.88
18.34 1.66
9.68 10.32
8.91 11.09
5.85 14.15
18.20 1.80
11.80 8.20
18.74 1.26
16.04 3.96
19.77 0.23
11.68 8.32
16.38 3.62
14.58 5.42
4.84 15.16
9.27 10.73
2.67 17.33
5.22 14.78
13.99 6.01
16.33 3.67
6.75 13.25
7.94 12.06
5.56 14.44
7.85 12.15
8.91 11.09
9.84 10.16
19.13 0.87
13.87 6.13
1.50 18.50
9.45 10.55
19.94 0.06
9.63 10.37
13.32 6.68
14.64 5.36
19.62 0.38
19.74 0.26
1.00 19.00
11.42 8.58
5.69 14.31
10.70 9.30
17.04 2.96
16.57 3.43
11.21 8.79
14.42 5.58
14.69 5.31
8.57 11.43
6.11 13.89
2.84 17.16
17.15 2.85
0.41 19.59
10.19 9.81
14.78 5.22
16.74 3.26
11.25 8.75
15.65 4.35
14.85 5.15
13.92 6.08
3.33 16.67
14.10 5.90
8.87 11.13
8.67 11.33
14.92 5.08
7.30 12.70
2.16 17.84
15.03 4.97
6.71 13.29
13.54 6.46
12.94 7.06
10.86 9.14
3.68 16.32
17.03 2.97
3.24 16.76
18.47 1.53
12.57 7.43
17.98 2.02
14.75 5.25
4.91 15.09
5.31 14.69
18.93 1.07
5.38 14.62
0.32 19.68
6.12 13.88
13.19 6.81
17.19 2.81
15.82 4.18
5.46 14.54
11.47 8.53
13.18 6.82
17.32 2.68
12.78 7.22
16.06 3.94
2.93 17.07
2.82 17.18
17.52 2.48
4.78 15.22
9.84 10.16
4.18 15.82
11.09 8.91
8.91 11.09
18.74 1.26
17.90 2.10
8.26 11.74
16.12 3.88
1.54 18.46
3.19 16.81
14.59 5.41
8.67 11.33
6.14 13.86
13.08 6.92
10.34 9.66
1.29 18.71
12.23 7.77
14.43 5.57
5.96 14.04
2.22 17.78
2.09 17.91
4.78 15.22
5.53 14.47
0.40 19.60
14.84 5.16
13.46 6.54
13.72 6.28
10.03 9.97
12.69 7.31
4.41 15.59
7.70 12.30
0.57 19.43
2.83 17.17
6.06 13.94
14.86 5.14
14.42 5.58
3.72 16.28
13.71 6.29
15.11 4.89
13.01 6.99
19.74 0.26
19.82 0.18
3.39 16.61
18.59 1.41
6.01 13.99
0.17 19.83
8.92 11.08
1.66 18.34
8.92 11.08
8.18 11.82
5.08 14.92
2.65 17.35
14.41 5.59
13.13 6.87
4.21 15.79
19.23 0.77
16.16 3.84
19.67 0.33
2.76 17.24
10.31 9.69
12.08 7.92
2.45 17.55
0.58 19.42
11.94 8.06
14.45 5.55
4.64 15.36
4.23 15.77
6.24 13.76
3.38 16.62
1.36 18.64
2.64 17.36
11.08 8.92
14.53 5.47
18.73 1.27
0.71 19.29
10.16 9.84
19.07 0.93
3.02 16.98
12.31 7.69
15.64 4.36
15.92 4.08
17.04 2.96
4.93 15.07
3.03 16.97
3.69 16.31
14.07 5.93
16.14 3.86
16.84 3.16
4.47 15.53
0.20 19.80
12.86 7.14
19.90 0.10
15.38 4.62
18.68 1.32
3.49 16.51
5.80 14.20
15.18 4.82
5.34 14.66
13.26 6.74
18.56 1.44
8.81 11.19
16.26 3.74
6.30 13.70
15.54 4.46
6.51 13.49
12.65 7.35
7.65 12.35
13.63 6.37
11.51 8.49
5.06 14.94
14.35 5.65
16.58 3.42
13.50 6.50
0.39 19.61
0.14 19.86
2.08 17.92
3.05 16.95
10.54 9.46
1.49 18.51
0.47 19.53
3.86 16.14
13.82 6.18
0.89 19.11
1.30 18.70
3.11 16.89
15.77 4.23
1.81 18.19
4.65 15.35
17.98 2.02
19.58 0.42
4.23 15.77
12.10 7.90
4.11 15.89
10.15 9.85
10.86 9.14
13.94 6.06
15.59 4.41
14.79 5.21
7.65 12.35
18.21 1.79
0.71 19.29
7.15 12.85
17.78 2.22
15.95 4.05
17.13 2.87
13.78 6.22
1.99 18.01
8.42 11.58
6.01 13.99
0.04 19.96
3.22 16.78
2.80 17.20
4.33 15.67
5.34 14.66
19.10 0.90
8.09 11.91
1.96 18.04
1.73 18.27
16.10 3.90
5.41 14.59
16.08 3.92
14.89 5.11
10.09 9.91
6.36 13.64
3.06 16.94
8.31 11.69
12.62 7.38
13.13 6.87
2.94 17.06
4.44 15.56
8.13 11.87
8.17 11.83
2.01 17.99
18.33 1.67
8.86 11.14
7.83 12.17
1.64 18.36
18.88 1.12
6.93 13.07
13.27 6.73
16.85 3.15
10.02 9.98
18.73 1.27
3.46 16.54
0.01 19.99
8.00 12.00
1.84 18.16
2.43 17.57
3.62 16.38
11.68 8.32
4.50 15.50
2.12 17.88
1.61 18.39
0.42 19.58
2.78 17.22
9.42 10.58
9.02 10.98
2.10 17.90
14.17 5.83
4.12 15.88
3.31 16.69
14.33 5.67
12.25 7.75
0.65 19.35
10.48 9.52
2.54 17.46
9.15 10.85
10.16 9.84
6.82 13.18
15.95 4.05
8.30 11.70
1.76 18.24
8.34 11.66
6.94 13.06
13.19 6.81
8.93 11.07
12.19 7.81
16.43 3.57
12.78 7.22
0.01 19.99
10.72 9.28
19.93 0.07
5.73 14.27
7.94 12.06
18.42 1.58
10.62 9.38
16.45 3.55
8.74 11.26
17.99 2.01
6.90 13.10
16.19 3.81
12.02 7.98
2.85 17.15
12.79 7.21
2.85 17.15
16.58 3.42
14.93 5.07
19.49 0.51
19.51 0.49
14.88 5.12
5.35 14.65
12.51 7.49
11.37 8.63
19.07 0.93
15.87 4.13
18.53 1.47
19.23 0.77
8.51 11.49
7.35 12.65
2.87 17.13
0.75 19.25
12.75 7.25
4.84 15.16
8.79 11.21
1.98 18.02
0.80 19.20
17.37 2.63
4.37 15.63
13.41 6.59
17.33 2.67
12.22 7.78
17.56 2.44
19.03 0.97
7.11 12.89
7.82 12.18
9.31 10.69
13.96 6.04
12.15 7.85
7.69 12.31
7.81 12.19
11.15 8.85
16.74 3.26
12.70 7.30
4.51 15.49
16.81 3.19
2.53 17.47
0.03 19.97
5.94 14.06
16.60 3.40
14.99 5.01
19.70 0.30
11.52 8.48
18.05 1.95
14.68 5.32
18.42 1.58
18.60 1.40
7.24 12.76
2.33 17.67
7.29 12.71
8.29 11.71
16.74 3.26
4.08 15.92
8.47 11.53
7.25 12.75
8.29 11.71
12.45 7.55
14.50 5.50
1.71 18.29
9.56 10.44
1.04 18.96
7.04 12.96
3.83 16.17
1.81 18.19
11.21 8.79
0.62 19.38
6.68 13.32
8.26 11.74
12.96 7.04
14.57 5.43
9.41 10.59
16.51 3.49
0.24 19.76
1.71 18.29
18.39 1.61
3.95 16.05
16.60 3.40
2.25 17.75
9.58 10.42
10.56 9.44
18.49 1.51
12.37 7.63
1.63 18.37
19.47 0.53
11.97 8.03
15.33 4.67
11.21 8.79
6.60 13.40
5.97 14.03
2.06 17.94
5.16 14.84
7.76 12.24
4.89 15.11
11.33 8.67
6.99 13.01
7.08 12.92
19.21 0.79
10.52 9.48
9.07 10.93
8.20 11.80
6.15 13.85
2.65 17.35
4.03 15.97
14.49 5.51
6.15 13.85
6.01 13.99
7.41 12.59
17.04 2.96
3.92 16.08
9.08 10.92
3.06 16.94
10.37 9.63
5.15 14.85
14.60 5.40
11.23 8.77
14.06 5.94
6.09 13.91
8.96 11.04
15.18 4.82
11.16 8.84
6.69 13.31
14.40 5.60
7.19 12.81
0.73 19.27
16.97 3.03
8.66 11.34
8.83 11.17
14.93 5.07
12.72 7.28
8.13 11.87
12.03 7.97
8.70 11.30
3.75 16.25
9.46 10.54
0.32 19.68
4.09 15.91
17.95 2.05
16.23 3.77
10.61 9.39
18.26 1.74
11.85 8.15
9.88 10.12
4.57 15.43
13.87 6.13
1.34 18.66
3.68 16.32
18.33 1.67
18.91 1.09
11.92 8.08
4.47 15.53
6.05 13.95
14.08 5.92
17.80 2.20
18.08 1.92
0.85 19.15
19.20 0.80
9.89 10.11
18.89 1.11
18.43 1.57
13.40 6.60
1.92 18.08
7.18 12.82
9.55 10.45
6.46 13.54
3.94 16.06
4.75 15.25
14.65 5.35
0.05 19.95
4.74 15.26
12.39 7.61
6.94 13.06
4.10 15.90
13.14 6.86
16.86 3.14
16.31 3.69
2.47 17.53
7.76 12.24
18.79 1.21
15.84 4.16
6.53 13.47
17.15 2.85
19.24 0.76
17.63 2.37
15.99 4.01
8.33 11.67
15.48 4.52
12.99 7.01
16.05 3.95
17.31 2.69
13.10 6.90
2.28 17.72
15.92 4.08
10.67 9.33
11.53 8.47
14.74 5.26
5.03 14.97
19.75 0.25
19.68 0.32
10.91 9.09
19.69 0.31
4.84 15.16
14.81 5.19
0.37 19.63
11.61 8.39
12.83 7.17
14.22 5.78
3.45 16.55
10.58 9.42
6.43 13.57
18.27 1.73
16.39 3.61
12.82 7.18
12.93 7.07
3.13 16.87
17.32 2.68
15.14 4.86
7.03 12.97
2.23 17.77
5.07 14.93
4.44 15.56
19.92 0.08
11.09 8.91
11.66 8.34
11.20 8.80
17.95 2.05
9.95 10.05
11.98 8.02
10.72 9.28
0.64 19.36
18.28 1.72
18.07 1.93
12.08 7.92
15.03 4.97
12.21 7.79
2.36 17.64
19.79 0.21
14.64 5.36
3.16 16.84
6.91 13.09
0.01 19.99
15.73 4.27
9.38 10.62
8.04 11.96
13.18 6.82
17.59 2.41
18.30 1.70
4.01 15.99
5.64 14.36
19.31 0.69
12.24 7.76
19.50 0.50
3.82 16.18
7.14 12.86
2.46 17.54
5.41 14.59
9.18 10.82
19.21 0.79
16.86 3.14
1.97 18.03
0.58 19.42
16.88 3.12
3.47 16.53
3.13 16.87
14.01 5.99
8.92 11.08
16.03 3.97
16.10 3.90
12.62 7.38
12.20 7.80
3.46 16.54
4.24 15.76
13.67 6.33
5.71 14.29
12.08 7.92
2.78 17.22
10.17 9.83
13.47 6.53
13.84 6.16
8.37 11.63
4.11 15.89
4.21 15.79
6.00 14.00
2.76 17.24
17.56 2.44
13.12 6.88
4.25 15.75
17.04 2.96
8.66 11.34
16.81 3.19
11.05 8.95
1.05 18.95
8.90 11.10
15.19 4.81
0.46 19.54
19.06 0.94
4.03 15.97
1.46 18.54
3.00 17.00
13.27 6.73
13.16 6.84
4.92 15.08
10.33 9.67
3.14 16.86
14.35 5.65
19.31 0.69
11.45 8.55
6.31 13.69
5.67 14.33
6.59 13.41
3.95 16.05
16.24 3.76
6.71 13.29
1.26 18.74
4.89 15.11
19.45 0.55
3.32 16.68
1.81 18.19
16.83 3.17
1.50 18.50
19.86 0.14
5.96 14.04
7.11 12.89
15.08 4.92
14.91 5.09
11.82 8.18
7.72 12.28
19.77 0.23
15.45 4.55
1.38 18.62
19.05 0.95
11.35 8.65
6.09 13.91
12.81 7.19
5.74 14.26
13.04 6.96
18.38 1.62
1.65 18.35
6.11 13.89
14.48 5.52
11.53 8.47
9.45 10.55
8.73 11.27
4.03 15.97
9.81 10.19
5.83 14.17
15.72 4.28
16.07 3.93
18.79 1.21
17.44 2.56
3.69 16.31
4.94 15.06
19.93 0.07
6.24 13.76
6.36 13.64
2.21 17.79
8.70 11.30
15.50 4.50
1.42 18.58
13.98 6.02
4.18 15.82
5.17 14.83
9.59 10.41
10.86 9.14
8.54 11.46
6.89 13.11
12.16 7.84
18.54 1.46
10.83 9.17
18.55 1.45
18.63 1.37
15.72 4.28
19.99 0.01
12.14 7.86
14.73 5.27
7.84 12.16
11.77 8.23
14.60 5.40
14.43 5.57
18.82 1.18
19.53 0.47
1.89 18.11
7.32 12.68
4.62 15.38
15.63 4.37
11.06 8.94
7.75 12.25
17.53 2.47
1.02 18.98
12.34 7.66
14.03 5.97
1.49 18.51
16.44 3.56
15.08 4.92
10.95 9.05
10.68 9.32
3.18 16.82
17.01 2.99
13.78 6.22
6.43 13.57
3.07 16.93
1.10 18.90
9.44 10.56
10.01 9.99
2.83 17.17
8.96 11.04
10.71 9.29
18.73 1.27
11.52 8.48
14.87 5.13
18.97 1.03
4.38 15.62
8.96 11.04
10.75 9.25
10.36 9.64
2.56 17.44
4.24 15.76
18.27 1.73
2.91 17.09
10.22 9.78
13.98 6.02
14.72 5.28
1.14 18.86
6.93 13.07
2.54 17.46
7.92 12.08
5.33 14.67
6.81 13.19
9.60 10.40
14.89 5.11
0.37 19.63
14.86 5.14
7.59 12.41
4.72 15.28
13.83 6.17
2.43 17.57
5.43 14.57
3.06 16.94
12.06 7.94
17.63 2.37
18.56 1.44
12.57 7.43
19.48 0.52
8.96 11.04
0.52 19.48
7.83 12.17
2.23 17.77
9.67 10.33
0.32 19.68
5.10 14.90
12.04 7.96
1.34 18.66
18.66 1.34
9.25 10.75
1.37 18.63
5.81 14.19
15.53 4.47
9.24 10.76
8.96 11.04
8.72 11.28
2.38 17.62
7.77 12.23
8.33 11.67
8.36 11.64
17.03 2.97
12.44 7.56
3.79 16.21
13.64 6.36
15.18 4.82
13.06 6.94
1.10 18.90
9.78 10.22
8.94 11.06
5.18 14.82
8.09 11.91
17.36 2.64
0.93 19.07
12.13 7.87
12.76 7.24
11.46 8.54
15.41 4.59
8.89 11.11
18.84 1.16
0.02 19.98
4.65 15.35
10.96 9.04
6.99 13.01
12.20 7.80
6.34 13.66
10.86 9.14
4.66 15.34
3.03 16.97
1.13 18.87
6.94 13.06
3.69 16.31
3.50 16.50
12.37 7.63
1.10 18.90
12.71 7.29
7.27 12.73
8.32 11.68
0.46 19.54
0.45 19.55
19.24 0.76
8.37 11.63
8.31 11.69
2.30 17.70
9.30 10.70
0.76 19.24
16.28 3.72
12.68 7.32
3.03 16.97
9.84 10.16
17.14 2.86
2.66 17.34
11.58 8.42
19.37 0.63
17.93 2.07
7.03 12.97
4.04 15.96
7.46 12.54
14.32 5.68
5.99 14.01
6.30 13.70
5.81 14.19
0.77 19.23
7.16 12.84
0.49 19.51
15.48 4.52
7.76 12.24
7.38 12.62
3.47 16.53
15.09 4.91
11.39 8.61
15.72 4.28
13.33 6.67
2.59 17.41
1.97 18.03
18.22 1.78
2.08 17.92
18.57 1.43
14.47 5.53
0.25 19.75
6.25 13.75
5.51 14.49
4.66 15.34
11.54 8.46
4.28 15.72
3.13 16.87
1.42 18.58
16.45 3.55
3.89 16.11
19.17 0.83
19.65 0.35
0.69 19.31
2.77 17.23
15.28 4.72
5.97 14.03
4.95 15.05
2.60 17.40
12.06 7.94
1.64 18.36
7.44 12.56
13.27 6.73
1.94 18.06
3.11 16.89
15.31 4.69
14.69 5.31
0.73 19.27
8.36 11.64
10.90 9.10
3.40 16.60
0.04 19.96
13.22 6.78
3.47 16.53
1.76 18.24
16.95 3.05
4.39 15.61
4.16 15.84
8.28 11.72
2.42 17.58
4.39 15.61
12.17 7.83
1.82 18.18
9.11 10.89
5.34 14.66
11.65 8.35
2.77 17.23
17.13 2.87
4.70 15.30
15.63 4.37
3.80 16.20
4.04 15.96
10.31 9.69
6.95 13.05
9.07 10.93
3.68 16.32
0.87 19.13
2.55 17.45
19.16 0.84
2.11 17.89
15.43 4.57
4.85 15.15
15.13 4.87
11.09 8.91
19.11 0.89
9.20 10.80
12.52 7.48
13.86 6.14
1.12 18.88
3.03 16.97
17.76 2.24
7.47 12.53
2.07 17.93
3.41 16.59
7.26 12.74
7.33 12.67
7.44 12.56
16.31 3.69
16.11 3.89
2.54 17.46
6.06 13.94
11.70 8.30
5.07 14.93
15.98 4.02
4.41 15.59
8.41 11.59
18.65 1.35
0.82 19.18
16.09 3.91
18.45 1.55
11.93 8.07
15.21 4.79
0.82 19.18
0.81 19.19
18.94 1.06
16.58 3.42
5.93 14.07
0.45 19.55
1.21 18.79
6.65 13.35
8.07 11.93
6.67 13.33
14.84 5.16
7.36 12.64
0.39 19.61
12.40 7.60
4.11 15.89
2.55 17.45
6.85 13.15
1.09 18.91
2.85 17.15
7.34 12.66
10.20 9.80
7.66 12.34
6.04 13.96
8.14 11.86
16.44 3.56
14.54 5.46
5.45 14.55
11.11 8.89
9.32 10.68
17.91 2.09
5.20 14.80
1.45 18.55
19.15 0.85
14.55 5.45
5.93 14.07
13.12 6.88
12.46 7.54
7.31 12.69
3.54 16.46
13.11 6.89
6.94 13.06
15.05 4.95
4.06 15.94
15.18 4.82
15.88 4.12
1.45 18.55
3.78 16.22
14.94 5.06
18.72 1.28
17.83 2.17
18.28 1.72
19.57 0.43
3.10 16.90
17.04 2.96
17.59 2.41
2.71 17.29
13.20 6.80
8.97 11.03
13.09 6.91
19.69 0.31
12.52 7.48
16.96 3.04
19.98 0.02
15.27 4.73
19.27 0.73
8.66 11.34
13.04 6.96
10.72 9.28
7.40 12.60
6.94 13.06
6.25 13.75
19.40 0.60
14.52 5.48
0.63 19.37
1.69 18.31
15.19 4.81
10.03 9.97
4.78 15.22
12.38 7.62
13.41 6.59
14.97 5.03
1.25 18.75
17.52 2.48
7.63 12.37
18.96 1.04
16.73 3.27
19.60 0.40
4.39 15.61
6.50 13.50
17.52 2.48
1.64 18.36
3.69 16.31
2.00 18.00
9.34 10.66
2.67 17.33
14.58 5.42
9.53 10.47
14.29 5.71
19.87 0.13
2.16 17.84
7.06 12.94
15.28 4.72
3.54 16.46
19.30 0.70
4.14 15.86
3.61 16.39
7.02 12.98
9.71 10.29
4.21 15.79
17.47 2.53
14.40 5.60
15.74 4.26
14.53 5.47
7.00 13.00
6.00 14.00
12.92 7.08
18.55 1.45
1.59 18.41
9.10 10.90
19.76 0.24
2.77 17.23
9.31 10.69
7.95 12.05
3.48 16.52
18.93 1.07
5.82 14.18
1.13 18.87
14.36 5.64
18.45 1.55
16.86 3.14
14.72 5.28
18.74 1.26
16.83 3.17
5.29 14.71
13.85 6.15
10.21 9.79
8.39 11.61
0.37 19.63
7.97 12.03
2.95 17.05
6.22 13.78
8.15 11.85
15.13 4.87
10.77 9.23
9.40 10.60
15.33 4.67
18.74 1.26
17.13 2.87
5.25 14.75
19.25 0.75
9.75 10.25
7.22 12.78
16.74 3.26
17.76 2.24
8.99 11.01
5.06 14.94
12.05 7.95
13.56 6.44
8.60 11.40
2.19 17.81
5.64 14.36
2.18 17.82
10.29 9.71
14.30 5.70
13.01 6.99
6.24 13.76
12.13 7.87
19.32 0.68
2.49 17.51
13.93 6.07
11.57 8.43
8.48 11.52
11.69 8.31
5.70 14.30
9.72 10.28
17.05 2.95
2.04 17.96
17.86 2.14
1.57 18.43
2.41 17.59
7.33 12.67
3.68 16.32
17.19 2.81
11.15 8.85
14.23 5.77
7.78 12.22
13.32 6.68
19.20 0.80
5.79 14.21
11.74 8.26
10.72 9.28
19.65 0.35
14.82 5.18
7.46 12.54
3.18 16.82
4.59 15.41
6.18 13.82
8.97 11.03
12.00 8.00
19.16 0.84
14.80 5.20
14.77 5.23
13.02 6.98
7.72 12.28
8.74 11.26
0.89 19.11
8.27 11.73
9.70 10.30
17.19 2.81
16.76 3.24
13.73 6.27
5.61 14.39
5.84 14.16
13.91 6.09
8.28 11.72
4.61 15.39
17.32 2.68
15.63 4.37
16.36 3.64
9.69 10.31
15.79 4.21
7.76 12.24
17.53 2.47
8.46 11.54
4.08 15.92
4.09 15.91
9.24 10.76
16.77 3.23
5.74 14.26
9.88 10.12
16.74 3.26
15.01 4.99
18.71 1.29
8.37 11.63
8.93 11.07
14.14 5.86
0.31 19.69
1.75 18.25
3.36 16.64
19.12 0.88
11.50 8.50
7.09 12.91
4.01 15.99
7.02 12.98
16.40 3.60
8.89 11.11
16.45 3.55
16.77 3.23
18.76 1.24
5.09 14.91
12.73 7.27
19.12 0.88
9.52 10.48
2.94 17.06
11.31 8.69
8.57 11.43
18.64 1.36
5.51 14.49
13.65 6.35
19.88 0.12
1.61 18.39
13.33 6.67
15.07 4.93
14.22 5.78
9.68 10.32
16.54 3.46
2.92 17.08
8.26 11.74
15.48 4.52
18.84 1.16
4.12 15.88
5.79 14.21
3.26 16.74
7.31 12.69
7.11 12.89
7.48 12.52
8.40 11.60
9.77 10.23
4.03 15.97
0.01 19.99
19.69 0.31
17.37 2.63
16.03 3.97
9.67 10.33
0.96 19.04
10.64 9.36
5.95 14.05
2.06 17.94
1.85 18.15
7.18 12.82
11.36 8.64
7.96 12.04
11.59 8.41
7.86 12.14
8.56 11.44
17.97 2.03
15.77 4.23
10.18 9.82
10.72 9.28
4.38 15.62
0.63 19.37
3.37 16.63
2.09 17.91
18.56 1.44
0.02 19.98
8.83 11.17
18.77 1.23
1.71 18.29
19.14 0.86
3.48 16.52
18.53 1.47
2.07 17.93
11.44 8.56
0.52 19.48
7.04 12.96
17.35 2.65
17.63 2.37
2.04 17.96
13.66 6.34
12.54 7.46
17.49 2.51
2.31 17.69
12.98 7.02
19.26 0.74
6.89 13.11
17.58 2.42
10.17 9.83
0.06 19.94
5.86 14.14
7.61 12.39
3.38 16.62
1.76 18.24
8.80 11.20
10.85 9.15
3.17 16.83
10.82 9.18
8.64 11.36
13.86 6.14
10.53 9.47
6.81 13.19
2.93 17.07
14.01 5.99
4.09 15.91
15.58 4.42
2.63 17.37
9.83 10.17
3.98 16.02
4.94 15.06
18.71 1.29
4.48 15.52
0.54 19.46
3.40 16.60
4.39 15.61
8.99 11.01
15.43 4.57
14.28 5.72
15.40 4.60
10.12 9.88
12.97 7.03
7.14 12.86
13.65 6.35
2.25 17.75
18.25 1.75
18.26 1.74
10.21 9.79
9.33 10.67
15.99 4.01
6.39 13.61
11.35 8.65
19.35 0.65
3.00 17.00
6.21 13.79
1.40 18.60
