2000
8.43 9.4
8.43 8.43
7.04 9.4
7.04 7.04
4.67 9.4
4.67 4.67
12.56 9.4
12.56 12.56
13.42 9.4
13.42 13.42
12.11 9.4
12.11 12.11
8.96 9.4
8.96 8.96
17.76 9.4
17.76 17.76
16.29 9.4
16.29 16.29
4.33 9.4
4.33 4.33
10.42 9.4
10.42 10.42
0.22 9.4
0.22 0.22
15.77 9.4
15.77 15.77
8.44 9.4
8.44 8.44
12.07 9.4
12.07 12.07
5.51 9.4
5.51 5.51
1.55 9.4
1.55 1.55
6.52 9.4
6.52 6.52
6.19 9.4
6.19 6.19
14.99 9.4
14.99 14.99
8.13 9.4
8.13 8.13
7.52 9.4
7.52 7.52
12.24 9.4
12.24 12.24
19.83 9.4
19.83 19.83
7.04 9.4
7.04 7.04
8.73 9.4
8.73 8.73
18.06 9.4
18.06 18.06
6.10 9.4
6.10 6.10
9.56 9.4
9.56 9.56
6.45 9.4
6.45 6.45
6.09 9.4
6.09 6.09
1.07 9.4
1.07 1.07
10.76 9.4
10.76 10.76
8.77 9.4
8.77 8.77
14.21 9.4
14.21 14.21
14.55 9.4
14.55 14.55
14.53 9.4
14.53 14.53
2.53 9.4
2.53 2.53
5.90 9.4
5.90 5.90
18.13 9.4
18.13 18.13
11.71 9.4
11.71 11.71
12.28 9.4
12.28 12.28
10.28 9.4
10.28 10.28
1.51 9.4
1.51 1.51
12.55 9.4
12.55 12.55
5.73 9.4
5.73 5.73
14.79 9.4
14.79 14.79
12.37 9.4
12.37 12.37
4.04 9.4
4.04 4.04
7.37 9.4
7.37 7.37
12.65 9.4
12.65 12.65
12.24 9.4
12.24 12.24
15.11 9.4
15.11 15.11
1.64 9.4
1.64 1.64
15.11 9.4
15.11 15.11
19.27 9.4
19.27 19.27
18.73 9.4
18.73 18.73
2.30 9.4
2.30 2.30
2.67 9.4
2.67 2.67
1.06 9.4
1.06 1.06
13.18 9.4
13.18 13.18
5.37 9.4
5.37 5.37
10.87 9.4
10.87 10.87
3.83 9.4
3.83 3.83
3.86 9.4
3.86 3.86
17.97 9.4
17.97 17.97
13.29 9.4
13.29 13.29
3.17 9.4
3.17 3.17
12.19 9.4
12.19 12.19
0.12 9.4
0.12 0.12
14.94 9.4
14.94 14.94
3.59 9.4
3.59 3.59
5.98 9.4
5.98 5.98
9.02 9.4
9.02 9.02
12.82 9.4
12.82 12.82
11.30 9.4
11.30 11.30
18.18 9.4
18.18 18.18
10.74 9.4
10.74 10.74
19.84 9.4
19.84 19.84
4.51 9.4
4.51 4.51
3.05 9.4
3.05 3.05
10.52 9.4
10.52 10.52
16.88 9.4
16.88 16.88
8.94 9.4
8.94 8.94
3.46 9.4
3.46 3.46
6.69 9.4
6.69 6.69
19.07 9.4
19.07 19.07
16.45 9.4
16.45 16.45
2.70 9.4
2.70 2.70
4.90 9.4
4.90 4.90
13.69 9.4
13.69 13.69
11.15 9.4
11.15 11.15
3.56 9.4
3.56 3.56
0.68 9.4
0.68 0.68
10.11 9.4
10.11 10.11
1.35 9.4
1.35 1.35
9.02 9.4
9.02 9.02
14.85 9.4
14.85 14.85
14.27 9.4
14.27 14.27
16.50 9.4
16.50 16.50
16.44 9.4
16.44 16.44
13.95 9.4
13.95 13.95
16.83 9.4
16.83 16.83
16.52 9.4
16.52 16.52
2.78 9.4
2.78 2.78
9.97 9.4
9.97 9.97
2.39 9.4
2.39 2.39
5.47 9.4
5.47 5.47
1.65 9.4
1.65 1.65
4.80 9.4
4.80 4.80
3.04 9.4
3.04 3.04
16.22 9.4
16.22 16.22
0.64 9.4
0.64 0.64
14.55 9.4
14.55 14.55
0.10 9.4
0.10 0.10
1.61 9.4
1.61 1.61
14.87 9.4
14.87 14.87
6.64 9.4
6.64 6.64
0.82 9.4
0.82 0.82
6.21 9.4
6.21 6.21
10.73 9.4
10.73 10.73
10.19 9.4
10.19 10.19
11.99 9.4
11.99 11.99
15.35 9.4
15.35 15.35
18.95 9.4
18.95 18.95
13.96 9.4
13.96 13.96
19.95 9.4
19.95 19.95
9.64 9.4
9.64 9.64
9.74 9.4
9.74 9.74
2.32 9.4
2.32 2.32
15.82 9.4
15.82 15.82
3.48 9.4
3.48 3.48
8.28 9.4
8.28 8.28
4.35 9.4
4.35 4.35
16.65 9.4
16.65 16.65
2.80 9.4
2.80 2.80
19.59 9.4
19.59 19.59
16.50 9.4
16.50 16.50
15.86 9.4
15.86 15.86
12.62 9.4
12.62 12.62
4.82 9.4
4.82 4.82
19.07 9.4
19.07 19.07
4.55 9.4
4.55 4.55
10.73 9.4
10.73 10.73
0.58 9.4
0.58 0.58
17.94 9.4
17.94 17.94
8.45 9.4
8.45 8.45
8.31 9.4
8.31 8.31
5.98 9.4
5.98 5.98
11.72 9.4
11.72 11.72
18.30 9.4
18.30 18.30
17.02 9.4
17.02 17.02
14.71 9.4
14.71 14.71
2.41 9.4
2.41 2.41
8.25 9.4
8.25 8.25
18.77 9.4
18.77 18.77
4.90 9.4
4.90 4.90
18.80 9.4
18.80 18.80
5.82 9.4
5.82 5.82
15.54 9.4
15.54 15.54
4.71 9.4
4.71 4.71
6.16 9.4
6.16 6.16
5.28 9.4
5.28 5.28
9.95 9.4
9.95 9.95
19.97 9.4
19.97 19.97
17.29 9.4
17.29 17.29
9.25 9.4
9.25 9.25
11.13 9.4
11.13 11.13
17.65 9.4
17.65 17.65
9.95 9.4
9.95 9.95
11.35 9.4
11.35 11.35
13.27 9.4
13.27 13.27
11.13 9.4
11.13 11.13
8.31 9.4
8.31 8.31
0.60 9.4
0.60 0.60
4.59 9.4
4.59 4.59
0.24 9.4
0.24 0.24
5.36 9.4
5.36 5.36
8.59 9.4
8.59 8.59
3.38 9.4
3.38 3.38
9.18 9.4
9.18 9.18
17.15 9.4
17.15 17.15
14.30 9.4
14.30 14.30
11.37 9.4
11.37 11.37
3.41 9.4
3.41 3.41
0.27 9.4
0.27 0.27
4.03 9.4
4.03 4.03
6.25 9.4
6.25 6.25
17.80 9.4
17.80 17.80
18.26 9.4
18.26 18.26
5.12 9.4
5.12 5.12
0.19 9.4
0.19 0.19
14.58 9.4
14.58 14.58
13.47 9.4
13.47 13.47
7.35 9.4
7.35 7.35
12.42 9.4
12.42 12.42
5.48 9.4
5.48 5.48
2.86 9.4
2.86 2.86
19.60 9.4
19.60 19.60
5.32 9.4
5.32 5.32
18.23 9.4
18.23 18.23
2.74 9.4
2.74 2.74
6.12 9.4
6.12 6.12
11.74 9.4
11.74 11.74
12.16 9.4
12.16 12.16
18.88 9.4
18.88 18.88
19.76 9.4
19.76 19.76
6.90 9.4
6.90 6.90
12.11 9.4
12.11 12.11
3.66 9.4
3.66 3.66
18.68 9.4
18.68 18.68
5.50 9.4
5.50 5.50
13.54 9.4
13.54 13.54
18.33 9.4
18.33 18.33
9.86 9.4
9.86 9.86
4.54 9.4
4.54 4.54
1.94 9.4
1.94 1.94
3.23 9.4
3.23 3.23
16.46 9.4
16.46 16.46
10.83 9.4
10.83 10.83
18.28 9.4
18.28 18.28
5.90 9.4
5.90 5.90
7.21 9.4
7.21 7.21
15.50 9.4
15.50 15.50
19.52 9.4
19.52 19.52
4.25 9.4
4.25 4.25
2.48 9.4
2.48 2.48
15.62 9.4
15.62 15.62
17.05 9.4
17.05 17.05
16.20 9.4
16.20 16.20
18.64 9.4
18.64 18.64
3.22 9.4
3.22 3.22
8.81 9.4
8.81 8.81
12.50 9.4
12.50 12.50
8.71 9.4
8.71 8.71
17.11 9.4
17.11 17.11
13.92 9.4
13.92 13.92
16.77 9.4
16.77 16.77
12.37 9.4
12.37 12.37
7.87 9.4
7.87 7.87
17.33 9.4
17.33 17.33
13.35 9.4
13.35 13.35
17.83 9.4
17.83 17.83
2.41 9.4
2.41 2.41
12.16 9.4
12.16 12.16
4.27 9.4
4.27 4.27
0.94 9.4
0.94 0.94
12.64 9.4
12.64 12.64
8.30 9.4
8.30 8.30
15.67 9.4
15.67 15.67
7.66 9.4
7.66 7.66
3.29 9.4
3.29 3.29
3.75 9.4
3.75 3.75
6.59 9.4
6.59 6.59
16.91 9.4
16.91 16.91
5.45 9.4
5.45 5.45
1.96 9.4
1.96 1.96
5.78 9.4
5.78 5.78
4.12 9.4
4.12 4.12
8.10 9.4
8.10 8.10
7.14 9.4
7.14 7.14
6.17 9.4
6.17 6.17
4.77 9.4
4.77 4.77
19.14 9.4
19.14 19.14
6.12 9.4
6.12 6.12
16.69 9.4
16.69 16.69
16.73 9.4
16.73 16.73
3.04 9.4
3.04 3.04
10.18 9.4
10.18 10.18
2.93 9.4
2.93 2.93
5.22 9.4
5.22 5.22
15.63 9.4
15.63 15.63
11.09 9.4
11.09 11.09
0.84 9.4
0.84 0.84
10.65 9.4
10.65 10.65
14.58 9.4
14.58 14.58
18.00 9.4
18.00 18.00
10.54 9.4
10.54 10.54
16.31 9.4
16.31 16.31
11.43 9.4
11.43 11.43
12.52 9.4
12.52 12.52
9.06 9.4
9.06 9.06
1.50 9.4
1.50 1.50
18.33 9.4
18.33 18.33
18.94 9.4
18.94 18.94
19.49 9.4
19.49 19.49
5.54 9.4
5.54 5.54
1.18 9.4
1.18 1.18
11.01 9.4
11.01 11.01
16.20 9.4
16.20 16.20
12.53 9.4
12.53 12.53
19.57 9.4
19.57 19.57
9.26 9.4
9.26 9.26
10.10 9.4
10.10 10.10
10.96 9.4
10.96 10.96
6.24 9.4
6.24 6.24
5.09 9.4
5.09 5.09
0.96 9.4
0.96 0.96
7.58 9.4
7.58 7.58
8.42 9.4
8.42 8.42
9.37 9.4
9.37 9.37
17.20 9.4
17.20 17.20
3.32 9.4
3.32 3.32
18.87 9.4
18.87 18.87
16.00 9.4
16.00 16.00
11.04 9.4
11.04 11.04
7.92 9.4
7.92 7.92
16.15 9.4
16.15 16.15
15.11 9.4
15.11 15.11
17.86 9.4
17.86 17.86
0.70 9.4
0.70 0.70
7.11 9.4
7.11 7.11
3.32 9.4
3.32 3.32
8.17 9.4
8.17 8.17
15.01 9.4
15.01 15.01
5.63 9.4
5.63 5.63
11.50 9.4
11.50 11.50
10.87 9.4
10.87 10.87
4.60 9.4
4.60 4.60
4.56 9.4
4.56 4.56
11.10 9.4
11.10 11.10
4.52 9.4
4.52 4.52
11.65 9.4
11.65 11.65
17.85 9.4
17.85 17.85
16.12 9.4
16.12 16.12
8.91 9.4
8.91 8.91
6.15 9.4
6.15 6.15
15.71 9.4
15.71 15.71
14.04 9.4
14.04 14.04
16.57 9.4
16.57 16.57
4.30 9.4
4.30 4.30
14.24 9.4
14.24 14.24
9.01 9.4
9.01 9.01
18.66 9.4
18.66 18.66
14.78 9.4
14.78 14.78
9.79 9.4
9.79 9.79
0.97 9.4
0.97 0.97
11.39 9.4
11.39 11.39
13.97 9.4
13.97 13.97
16.77 9.4
16.77 16.77
2.85 9.4
2.85 2.85
9.99 9.4
9.99 9.99
8.46 9.4
8.46 8.46
12.26 9.4
12.26 12.26
4.08 9.4
4.08 4.08
14.66 9.4
14.66 14.66
12.69 9.4
12.69 12.69
11.32 9.4
11.32 11.32
9.73 9.4
9.73 9.73
18.12 9.4
18.12 18.12
13.85 9.4
13.85 13.85
18.48 9.4
18.48 18.48
1.23 9.4
1.23 1.23
19.76 9.4
19.76 19.76
19.26 9.4
19.26 19.26
8.32 9.4
8.32 8.32
8.79 9.4
8.79 8.79
6.59 9.4
6.59 6.59
5.92 9.4
5.92 5.92
13.70 9.4
13.70 13.70
15.83 9.4
15.83 15.83
13.65 9.4
13.65 13.65
3.10 9.4
3.10 3.10
4.63 9.4
4.63 4.63
15.11 9.4
15.11 15.11
9.57 9.4
9.57 9.57
12.86 9.4
12.86 12.86
7.98 9.4
7.98 7.98
14.49 9.4
14.49 14.49
15.50 9.4
15.50 15.50
7.12 9.4
7.12 7.12
4.37 9.4
4.37 4.37
15.46 9.4
15.46 15.46
14.84 9.4
14.84 14.84
7.30 9.4
7.30 7.30
19.17 9.4
19.17 19.17
11.34 9.4
11.34 11.34
8.91 9.4
8.91 8.91
9.31 9.4
9.31 9.31
1.62 9.4
1.62 1.62
4.02 9.4
4.02 4.02
1.26 9.4
1.26 1.26
2.79 9.4
2.79 2.79
7.57 9.4
7.57 7.57
14.62 9.4
14.62 14.62
11.06 9.4
11.06 11.06
6.86 9.4
6.86 6.86
9.63 9.4
9.63 9.63
3.23 9.4
3.23 3.23
7.70 9.4
7.70 7.70
13.53 9.4
13.53 13.53
9.20 9.4
9.20 9.20
11.28 9.4
11.28 11.28
17.92 9.4
17.92 17.92
5.13 9.4
5.13 5.13
6.22 9.4
6.22 6.22
10.96 9.4
10.96 10.96
7.89 9.4
7.89 7.89
13.07 9.4
13.07 13.07
10.30 9.4
10.30 10.30
4.80 9.4
4.80 4.80
9.68 9.4
9.68 9.68
7.72 9.4
7.72 7.72
19.13 9.4
19.13 19.13
13.20 9.4
13.20 13.20
1.51 9.4
1.51 1.51
15.45 9.4
15.45 15.45
11.85 9.4
11.85 11.85
17.68 9.4
17.68 17.68
14.18 9.4
14.18 14.18
10.57 9.4
10.57 10.57
4.52 9.4
4.52 4.52
11.43 9.4
11.43 11.43
15.99 9.4
15.99 15.99
8.38 9.4
8.38 8.38
15.01 9.4
15.01 15.01
11.38 9.4
11.38 11.38
0.76 9.4
0.76 0.76
19.05 9.4
19.05 19.05
15.95 9.4
15.95 15.95
12.14 9.4
12.14 12.14
15.93 9.4
15.93 15.93
7.76 9.4
7.76 7.76
14.67 9.4
14.67 14.67
15.55 9.4
15.55 15.55
14.20 9.4
14.20 14.20
3.46 9.4
3.46 3.46
2.07 9.4
2.07 2.07
12.64 9.4
12.64 12.64
11.44 9.4
11.44 11.44
19.51 9.4
19.51 19.51
15.38 9.4
15.38 15.38
3.45 9.4
3.45 3.45
15.13 9.4
15.13 15.13
5.19 9.4
5.19 5.19
17.02 9.4
17.02 17.02
10.66 9.4
10.66 10.66
19.98 9.4
19.98 19.98
10.48 9.4
10.48 10.48
6.28 9.4
6.28 6.28
11.11 9.4
11.11 11.11
3.13 9.4
3.13 3.13
1.15 9.4
1.15 1.15
12.93 9.4
12.93 12.93
8.25 9.4
8.25 8.25
6.62 9.4
6.62 6.62
5.10 9.4
5.10 5.10
17.38 9.4
17.38 17.38
15.24 9.4
15.24 15.24
17.96 9.4
17.96 17.96
8.27 9.4
8.27 8.27
14.07 9.4
14.07 14.07
7.93 9.4
7.93 7.93
14.69 9.4
14.69 14.69
4.85 9.4
4.85 4.85
13.26 9.4
13.26 13.26
14.29 9.4
14.29 14.29
13.28 9.4
13.28 13.28
17.40 9.4
17.40 17.40
18.89 9.4
18.89 18.89
1.47 9.4
1.47 1.47
10.49 9.4
10.49 10.49
3.41 9.4
3.41 3.41
11.27 9.4
11.27 11.27
11.87 9.4
11.87 11.87
9.05 9.4
9.05 9.05
2.56 9.4
2.56 2.56
17.71 9.4
17.71 17.71
18.62 9.4
18.62 18.62
17.77 9.4
17.77 17.77
9.37 9.4
9.37 9.37
4.78 9.4
4.78 4.78
5.79 9.4
5.79 5.79
4.13 9.4
4.13 4.13
13.99 9.4
13.99 13.99
13.29 9.4
13.29 13.29
4.67 9.4
4.67 4.67
16.83 9.4
16.83 16.83
15.65 9.4
15.65 15.65
18.65 9.4
18.65 18.65
5.39 9.4
5.39 5.39
7.60 9.4
7.60 7.60
11.38 9.4
11.38 11.38
5.08 9.4
5.08 5.08
5.21 9.4
5.21 5.21
13.99 9.4
13.99 13.99
1.96 9.4
1.96 1.96
8.74 9.4
8.74 8.74
8.53 9.4
8.53 8.53
5.09 9.4
5.09 5.09
7.44 9.4
7.44 7.44
4.08 9.4
4.08 4.08
18.55 9.4
18.55 18.55
14.06 9.4
14.06 14.06
3.42 9.4
3.42 3.42
6.29 9.4
6.29 6.29
5.88 9.4
5.88 5.88
5.51 9.4
5.51 5.51
11.18 9.4
11.18 11.18
18.07 9.4
18.07 18.07
15.52 9.4
15.52 15.52
11.32 9.4
11.32 11.32
5.04 9.4
5.04 5.04
17.23 9.4
17.23 17.23
14.10 9.4
14.10 14.10
5.54 9.4
5.54 5.54
0.32 9.4
0.32 0.32
7.50 9.4
7.50 7.50
9.83 9.4
9.83 9.83
4.94 9.4
4.94 4.94
14.02 9.4
14.02 14.02
5.30 9.4
5.30 5.30
19.49 9.4
19.49 19.49
10.19 9.4
10.19 10.19
11.73 9.4
11.73 11.73
14.89 9.4
14.89 14.89
6.54 9.4
6.54 6.54
4.86 9.4
4.86 4.86
5.08 9.4
5.08 5.08
16.36 9.4
16.36 16.36
11.69 9.4
11.69 11.69
18.51 9.4
18.51 18.51
0.79 9.4
0.79 0.79
7.07 9.4
7.07 7.07
7.19 9.4
7.19 7.19
1.21 9.4
1.21 1.21
12.01 9.4
12.01 12.01
9.60 9.4
9.60 9.60
2.06 9.4
2.06 2.06
7.03 9.4
7.03 7.03
2.82 9.4
2.82 2.82
18.95 9.4
18.95 18.95
0.96 9.4
0.96 0.96
13.39 9.4
13.39 13.39
6.77 9.4
6.77 6.77
14.66 9.4
14.66 14.66
10.59 9.4
10.59 10.59
19.70 9.4
19.70 19.70
18.37 9.4
18.37 18.37
18.47 9.4
18.47 18.47
3.06 9.4
3.06 3.06
18.30 9.4
18.30 18.30
17.44 9.4
17.44 17.44
13.46 9.4
13.46 13.46
2.19 9.4
2.19 2.19
9.86 9.4
9.86 9.86
0.58 9.4
0.58 0.58
5.75 9.4
5.75 5.75
2.82 9.4
2.82 2.82
7.30 9.4
7.30 7.30
1.44 9.4
1.44 1.44
1.84 9.4
1.84 1.84
19.06 9.4
19.06 19.06
18.50 9.4
18.50 18.50
19.75 9.4
19.75 19.75
14.99 9.4
14.99 14.99
2.16 9.4
2.16 2.16
8.07 9.4
8.07 8.07
5.25 9.4
5.25 5.25
2.69 9.4
2.69 2.69
10.55 9.4
10.55 10.55
6.36 9.4
6.36 6.36
9.34 9.4
9.34 9.34
1.44 9.4
1.44 1.44
3.81 9.4
3.81 3.81
8.02 9.4
8.02 8.02
14.14 9.4
14.14 14.14
7.95 9.4
7.95 7.95
6.99 9.4
6.99 6.99
2.28 9.4
2.28 2.28
2.05 9.4
2.05 2.05
13.61 9.4
13.61 13.61
8.68 9.4
8.68 8.68
10.60 9.4
10.60 10.60
1.96 9.4
1.96 1.96
4.72 9.4
4.72 4.72
8.44 9.4
8.44 8.44
5.17 9.4
5.17 5.17
13.63 9.4
13.63 13.63
19.21 9.4
19.21 19.21
10.80 9.4
10.80 10.80
6.09 9.4
6.09 6.09
8.48 9.4
8.48 8.48
15.01 9.4
15.01 15.01
12.23 9.4
12.23 12.23
11.77 9.4
11.77 11.77
15.37 9.4
15.37 15.37
8.33 9.4
8.33 8.33
4.11 9.4
4.11 4.11
9.92 9.4
9.92 9.92
3.55 9.4
3.55 3.55
14.42 9.4
14.42 14.42
15.43 9.4
15.43 15.43
12.59 9.4
12.59 12.59
13.59 9.4
13.59 13.59
0.41 9.4
0.41 0.41
4.05 9.4
4.05 4.05
4.19 9.4
4.19 4.19
9.31 9.4
9.31 9.31
6.14 9.4
6.14 6.14
10.61 9.4
10.61 10.61
9.23 9.4
9.23 9.23
7.92 9.4
7.92 7.92
15.07 9.4
15.07 15.07
17.97 9.4
17.97 17.97
1.32 9.4
1.32 1.32
14.46 9.4
14.46 14.46
5.36 9.4
5.36 5.36
19.46 9.4
19.46 19.46
1.86 9.4
1.86 1.86
4.53 9.4
4.53 4.53
0.73 9.4
0.73 0.73
6.70 9.4
6.70 6.70
7.74 9.4
7.74 7.74
18.92 9.4
18.92 18.92
4.18 9.4
4.18 4.18
16.85 9.4
16.85 16.85
13.03 9.4
13.03 13.03
14.77 9.4
14.77 14.77
2.71 9.4
2.71 2.71
10.74 9.4
10.74 10.74
1.08 9.4
1.08 1.08
10.75 9.4
10.75 10.75
16.61 9.4
16.61 16.61
18.36 9.4
18.36 18.36
11.42 9.4
11.42 11.42
10.51 9.4
10.51 10.51
0.84 9.4
0.84 0.84
0.86 9.4
0.86 0.86
14.57 9.4
14.57 14.57
17.27 9.4
17.27 17.27
15.08 9.4
15.08 15.08
8.92 9.4
8.92 8.92
9.88 9.4
9.88 9.88
12.70 9.4
12.70 12.70
5.28 9.4
5.28 5.28
15.56 9.4
15.56 15.56
10.29 9.4
10.29 10.29
19.63 9.4
19.63 19.63
7.37 9.4
7.37 7.37
9.85 9.4
9.85 9.85
13.50 9.4
13.50 13.50
1.08 9.4
1.08 1.08
13.45 9.4
13.45 13.45
2.14 9.4
2.14 2.14
14.02 9.4
14.02 14.02
10.29 9.4
10.29 10.29
12.96 9.4
12.96 12.96
6.62 9.4
6.62 6.62
4.53 9.4
4.53 4.53
13.63 9.4
13.63 13.63
10.74 9.4
10.74 10.74
11.67 9.4
11.67 11.67
7.66 9.4
7.66 7.66
5.32 9.4
5.32 5.32
10.49 9.4
10.49 10.49
3.82 9.4
3.82 3.82
14.32 9.4
14.32 14.32
19.61 9.4
19.61 19.61
13.94 9.4
13.94 13.94
16.87 9.4
16.87 16.87
8.67 9.4
8.67 8.67
4.01 9.4
4.01 4.01
2.15 9.4
2.15 2.15
10.10 9.4
10.10 10.10
17.59 9.4
17.59 17.59
7.20 9.4
7.20 7.20
0.67 9.4
0.67 0.67
0.84 9.4
0.84 0.84
15.33 9.4
15.33 15.33
9.95 9.4
9.95 9.95
8.72 9.4
8.72 8.72
10.69 9.4
10.69 10.69
15.25 9.4
15.25 15.25
14.37 9.4
14.37 14.37
17.43 9.4
17.43 17.43
15.42 9.4
15.42 15.42
7.47 9.4
7.47 7.47
4.09 9.4
4.09 4.09
3.83 9.4
3.83 3.83
17.76 9.4
17.76 17.76
18.16 9.4
18.16 18.16
8.03 9.4
8.03 8.03
16.97 9.4
16.97 16.97
3.13 9.4
3.13 3.13
11.82 9.4
11.82 11.82
9.80 9.4
9.80 9.80
1.42 9.4
1.42 1.42
2.00 9.4
2.00 2.00
3.65 9.4
3.65 3.65
18.10 9.4
18.10 18.10
16.38 9.4
16.38 16.38
8.19 9.4
8.19 8.19
4.39 9.4
4.39 4.39
17.87 9.4
17.87 17.87
10.15 9.4
10.15 10.15
0.70 9.4
0.70 0.70
4.33 9.4
4.33 4.33
8.40 9.4
8.40 8.40
0.40 9.4
0.40 0.40
0.45 9.4
0.45 0.45
14.14 9.4
14.14 14.14
6.50 9.4
6.50 6.50
14.80 9.4
14.80 14.80
1.64 9.4
1.64 1.64
3.03 9.4
3.03 3.03
11.68 9.4
11.68 11.68
2.66 9.4
2.66 2.66
7.56 9.4
7.56 7.56
15.37 9.4
15.37 15.37
8.72 9.4
8.72 8.72
6.86 9.4
6.86 6.86
17.01 9.4
17.01 17.01
10.10 9.4
10.10 10.10
2.17 9.4
2.17 2.17
6.34 9.4
6.34 6.34
4.09 9.4
4.09 4.09
4.25 9.4
4.25 4.25
6.19 9.4
6.19 6.19
10.14 9.4
10.14 10.14
15.56 9.4
15.56 15.56
7.40 9.4
7.40 7.40
10.13 9.4
10.13 10.13
11.74 9.4
11.74 11.74
13.81 9.4
13.81 13.81
10.09 9.4
10.09 10.09
14.46 9.4
14.46 14.46
2.81 9.4
2.81 2.81
16.27 9.4
16.27 16.27
6.29 9.4
6.29 6.29
19.43 9.4
19.43 19.43
3.96 9.4
3.96 3.96
1.34 9.4
1.34 1.34
15.35 9.4
15.35 15.35
2.16 9.4
2.16 2.16
1.16 9.4
1.16 1.16
9.29 9.4
9.29 9.29
13.74 9.4
13.74 13.74
3.86 9.4
3.86 3.86
7.70 9.4
7.70 7.70
8.78 9.4
8.78 8.78
1.18 9.4
1.18 1.18
1.63 9.4
1.63 1.63
8.53 9.4
8.53 8.53
2.14 9.4
2.14 2.14
17.42 9.4
17.42 17.42
1.24 9.4
1.24 1.24
2.00 9.4
2.00 2.00
17.56 9.4
17.56 17.56
10.65 9.4
10.65 10.65
1.40 9.4
1.40 1.40
0.66 9.4
0.66 0.66
8.34 9.4
8.34 8.34
3.03 9.4
3.03 3.03
10.54 9.4
10.54 10.54
10.09 9.4
10.09 10.09
16.04 9.4
16.04 16.04
8.26 9.4
8.26 8.26
8.14 9.4
8.14 8.14
1.14 9.4
1.14 1.14
13.25 9.4
13.25 13.25
2.26 9.4
2.26 2.26
3.63 9.4
3.63 3.63
16.74 9.4
16.74 16.74
14.57 9.4
14.57 14.57
15.00 9.4
15.00 15.00
5.51 9.4
5.51 5.51
10.79 9.4
10.79 10.79
16.40 9.4
16.40 16.40
3.17 9.4
3.17 3.17
1.46 9.4
1.46 1.46
18.93 9.4
18.93 18.93
19.47 9.4
19.47 19.47
19.18 9.4
19.18 19.18
4.45 9.4
4.45 4.45
1.37 9.4
1.37 1.37
19.40 9.4
19.40 19.40
0.82 9.4
0.82 0.82
9.11 9.4
9.11 9.11
19.20 9.4
19.20 19.20
16.36 9.4
16.36 16.36
8.70 9.4
8.70 8.70
2.04 9.4
2.04 2.04
2.71 9.4
2.71 2.71
13.33 9.4
13.33 13.33
9.28 9.4
9.28 9.28
3.01 9.4
3.01 3.01
17.99 9.4
17.99 17.99
5.04 9.4
5.04 5.04
9.89 9.4
9.89 9.89
7.00 9.4
7.00 7.00
0.10 9.4
0.10 0.10
7.20 9.4
7.20 7.20
3.26 9.4
3.26 3.26
10.24 9.4
10.24 10.24
8.46 9.4
8.46 8.46
12.33 9.4
12.33 12.33
1.62 9.4
1.62 1.62
11.84 9.4
11.84 11.84
6.88 9.4
6.88 6.88
7.53 9.4
7.53 7.53
4.72 9.4
4.72 4.72
13.30 9.4
13.30 13.30
3.59 9.4
3.59 3.59
3.72 9.4
3.72 3.72
1.12 9.4
1.12 1.12
17.66 9.4
17.66 17.66
14.66 9.4
14.66 14.66
10.37 9.4
10.37 10.37
3.92 9.4
3.92 3.92
0.73 9.4
0.73 0.73
13.72 9.4
13.72 13.72
5.35 9.4
5.35 5.35
16.81 9.4
16.81 16.81
9.36 9.4
9.36 9.36
17.94 9.4
17.94 17.94
7.48 9.4
7.48 7.48
10.24 9.4
10.24 10.24
13.92 9.4
13.92 13.92
1.51 9.4
1.51 1.51
14.95 9.4
14.95 14.95
10.06 9.4
10.06 10.06
10.02 9.4
10.02 10.02
9.40 9.4
9.40 9.40
11.85 9.4
11.85 11.85
11.39 9.4
11.39 11.39
17.92 9.4
17.92 17.92
19.44 9.4
19.44 19.44
10.39 9.4
10.39 10.39
17.06 9.4
17.06 17.06
12.94 9.4
12.94 12.94
5.44 9.4
5.44 5.44
9.12 9.4
9.12 9.12
19.11 9.4
19.11 19.11
15.33 9.4
15.33 15.33
11.54 9.4
11.54 11.54
16.30 9.4
16.30 16.30
15.46 9.4
15.46 15.46
17.53 9.4
17.53 17.53
7.90 9.4
7.90 7.90
16.85 9.4
16.85 16.85
18.28 9.4
18.28 18.28
2.55 9.4
2.55 2.55
12.06 9.4
12.06 12.06
16.35 9.4
16.35 16.35
0.56 9.4
0.56 0.56
10.24 9.4
10.24 10.24
13.28 9.4
13.28 13.28
18.95 9.4
18.95 18.95
14.46 9.4
14.46 14.46
6.12 9.4
6.12 6.12
19.23 9.4
19.23 19.23
7.05 9.4
7.05 7.05
0.38 9.4
0.38 0.38
14.06 9.4
14.06 14.06
1.25 9.4
1.25 1.25
7.40 9.4
7.40 7.40
13.31 9.4
13.31 13.31
3.76 9.4
3.76 3.76
0.68 9.4
0.68 0.68
5.98 9.4
5.98 5.98
8.16 9.4
8.16 8.16
8.89 9.4
8.89 8.89
17.45 9.4
17.45 17.45
14.03 9.4
14.03 14.03
19.36 9.4
19.36 19.36
8.99 9.4
8.99 8.99
2.73 9.4
2.73 2.73
9.80 9.4
9.80 9.80
5.57 9.4
5.57 5.57
5.68 9.4
5.68 5.68
16.52 9.4
16.52 16.52
0.10 9.4
0.10 0.10
6.37 9.4
6.37 6.37
0.49 9.4
0.49 0.49
0.22 9.4
0.22 0.22
1.50 9.4
1.50 1.50
17.50 9.4
17.50 17.50
13.80 9.4
13.80 13.80
17.54 9.4
17.54 17.54
10.62 9.4
10.62 10.62
16.31 9.4
16.31 16.31
5.14 9.4
5.14 5.14
4.76 9.4
4.76 4.76
1.68 9.4
1.68 1.68
1.57 9.4
1.57 1.57
4.16 9.4
4.16 4.16
17.12 9.4
17.12 17.12
8.61 9.4
8.61 8.61
9.04 9.4
9.04 9.04
13.59 9.4
13.59 13.59
8.85 9.4
8.85 8.85
3.31 9.4
3.31 3.31
0.36 9.4
0.36 0.36
3.65 9.4
3.65 3.65
1.15 9.4
1.15 1.15
5.20 9.4
5.20 5.20
15.62 9.4
15.62 15.62
5.04 9.4
5.04 5.04
7.03 9.4
7.03 7.03
18.31 9.4
18.31 18.31
8.07 9.4
8.07 8.07
5.67 9.4
5.67 5.67
7.25 9.4
7.25 7.25
5.71 9.4
5.71 5.71
19.68 9.4
19.68 19.68
1.83 9.4
1.83 1.83
7.02 9.4
7.02 7.02
7.23 9.4
7.23 7.23
1.54 9.4
1.54 1.54
0.63 9.4
0.63 0.63
3.44 9.4
3.44 3.44
12.76 9.4
12.76 12.76
7.40 9.4
7.40 7.40
8.50 9.4
8.50 8.50
12.19 9.4
12.19 12.19
17.57 9.4
17.57 17.57
5.26 9.4
5.26 5.26
13.35 9.4
13.35 13.35
15.20 9.4
15.20 15.20
9.51 9.4
9.51 9.51
13.59 9.4
13.59 13.59
10.06 9.4
10.06 10.06
8.54 9.4
8.54 8.54
5.26 9.4
5.26 5.26
8.58 9.4
8.58 8.58
11.29 9.4
11.29 11.29
19.99 9.4
19.99 19.99
10.17 9.4
10.17 10.17
7.92 9.4
7.92 7.92
3.25 9.4
3.25 3.25
3.67 9.4
3.67 3.67
19.38 9.4
19.38 19.38
2.94 9.4
2.94 2.94
7.83 9.4
7.83 7.83
15.40 9.4
15.40 15.40
14.34 9.4
14.34 14.34
19.76 9.4
19.76 19.76
6.66 9.4
6.66 6.66
2.43 9.4
2.43 2.43
1.59 9.4
1.59 1.59
6.40 9.4
6.40 6.40
6.68 9.4
6.68 6.68
12.69 9.4
12.69 12.69
17.52 9.4
17.52 17.52
6.86 9.4
6.86 6.86
7.32 9.4
7.32 7.32
1.03 9.4
1.03 1.03
19.69 9.4
19.69 19.69
1.37 9.4
1.37 1.37
17.10 9.4
17.10 17.10
14.54 9.4
14.54 14.54
17.92 9.4
17.92 17.92
17.56 9.4
17.56 17.56
10.36 9.4
10.36 10.36
6.45 9.4
6.45 6.45
16.90 9.4
16.90 16.90
10.91 9.4
10.91 10.91
13.24 9.4
13.24 13.24
1.45 9.4
1.45 1.45
9.10 9.4
9.10 9.10
2.21 9.4
2.21 2.21
0.38 9.4
0.38 0.38
4.08 9.4
4.08 4.08
19.19 9.4
19.19 19.19
14.21 9.4
14.21 14.21
5.89 9.4
5.89 5.89
8.19 9.4
8.19 8.19
18.75 9.4
18.75 18.75
1.08 9.4
1.08 1.08
19.05 9.4
19.05 19.05
3.34 9.4
3.34 3.34
14.29 9.4
14.29 14.29
18.96 9.4
18.96 18.96
5.49 9.4
5.49 5.49
7.61 9.4
7.61 7.61
10.48 9.4
10.48 10.48
17.00 9.4
17.00 17.00
6.78 9.4
6.78 6.78
12.98 9.4
12.98 12.98
9.84 9.4
9.84 9.84
5.42 9.4
5.42 5.42
19.96 9.4
19.96 19.96
4.73 9.4
4.73 4.73
2.66 9.4
2.66 2.66
14.78 9.4
14.78 14.78
15.95 9.4
15.95 15.95
8.13 9.4
8.13 8.13
10.30 9.4
10.30 10.30
4.82 9.4
4.82 4.82
19.79 9.4
19.79 19.79
0.05 9.4
0.05 0.05
7.66 9.4
7.66 7.66
5.50 9.4
5.50 5.50
10.94 9.4
10.94 10.94
9.27 9.4
9.27 9.27
6.30 9.4
6.30 6.30
12.27 9.4
12.27 12.27
0.38 9.4
0.38 0.38
12.96 9.4
12.96 12.96
