1000
10.85 9.4
14.86 9.4
9.39 9.4
12.04 9.4
19.84 9.4
1.53 9.4
7.89 9.4
18.96 9.4
11.45 9.4
11.20 9.4
15.60 9.4
4.42 9.4
6.03 9.4
8.83 9.4
7.84 9.4
8.63 9.4
13.80 9.4
3.91 9.4
4.75 9.4
12.56 9.4
7.87 9.4
16.15 9.4
9.40 9.4
5.66 9.4
12.33 9.4
8.46 9.4
9.84 9.4
1.16 9.4
18.24 9.4
5.55 9.4
18.82 9.4
12.13 9.4
4.82 9.4
14.93 9.4
1.80 9.4
13.91 9.4
12.58 9.4
3.41 9.4
16.25 9.4
1.30 9.4
5.28 9.4
9.39 9.4
9.47 9.4
17.46 9.4
2.49 9.4
18.14 9.4
10.54 9.4
3.29 9.4
1.97 9.4
10.60 9.4
5.05 9.4
16.83 9.4
9.01 9.4
18.04 9.4
19.39 9.4
1.69 9.4
1.24 9.4
2.47 9.4
16.77 9.4
7.05 9.4
0.29 9.4
16.04 9.4
9.77 9.4
7.54 9.4
9.58 9.4
5.97 9.4
18.27 9.4
17.86 9.4
10.77 9.4
17.76 9.4
14.05 9.4
14.00 9.4
2.38 9.4
16.50 9.4
18.36 9.4
19.34 9.4
10.32 9.4
1.84 9.4
3.77 9.4
12.68 9.4
16.39 9.4
0.72 9.4
18.92 9.4
12.70 9.4
11.17 9.4
16.14 9.4
8.06 9.4
4.49 9.4
15.24 9.4
4.21 9.4
12.64 9.4
13.06 9.4
2.16 9.4
6.66 9.4
14.32 9.4
0.75 9.4
9.17 9.4
9.47 9.4
15.82 9.4
5.74 9.4
3.33 9.4
7.95 9.4
10.10 9.4
3.72 9.4
17.22 9.4
11.95 9.4
13.34 9.4
11.85 9.4
15.32 9.4
15.27 9.4
15.61 9.4
1.82 9.4
19.15 9.4
0.76 9.4
5.27 9.4
12.74 9.4
10.45 9.4
17.08 9.4
10.34 9.4
3.02 9.4
1.38 9.4
13.76 9.4
6.01 9.4
2.43 9.4
3.55 9.4
19.17 9.4
15.03 9.4
12.59 9.4
17.95 9.4
7.89 9.4
6.65 9.4
4.07 9.4
2.48 9.4
2.96 9.4
11.77 9.4
9.78 9.4
9.86 9.4
6.33 9.4
3.41 9.4
3.37 9.4
14.64 9.4
11.86 9.4
19.36 9.4
19.91 9.4
12.77 9.4
7.07 9.4
2.19 9.4
6.11 9.4
8.89 9.4
13.72 9.4
1.56 9.4
15.84 9.4
17.79 9.4
16.21 9.4
16.58 9.4
19.07 9.4
9.90 9.4
1.77 9.4
15.33 9.4
7.54 9.4
19.28 9.4
18.99 9.4
7.07 9.4
3.23 9.4
18.90 9.4
5.91 9.4
3.22 9.4
11.21 9.4
8.68 9.4
6.12 9.4
13.73 9.4
1.39 9.4
13.92 9.4
4.22 9.4
15.32 9.4
14.28 9.4
5.83 9.4
6.31 9.4
14.62 9.4
14.40 9.4
19.38 9.4
10.39 9.4
13.74 9.4
2.40 9.4
1.34 9.4
9.30 9.4
19.72 9.4
4.28 9.4
3.91 9.4
18.57 9.4
7.36 9.4
12.72 9.4
5.03 9.4
12.92 9.4
9.94 9.4
6.22 9.4
2.42 9.4
4.70 9.4
5.37 9.4
7.49 9.4
13.11 9.4
1.17 9.4
3.65 9.4
3.75 9.4
15.00 9.4
13.13 9.4
9.19 9.4
0.23 9.4
2.74 9.4
8.44 9.4
11.03 9.4
8.30 9.4
2.71 9.4
10.61 9.4
1.54 9.4
11.68 9.4
12.66 9.4
18.43 9.4
15.31 9.4
19.79 9.4
13.28 9.4
14.81 9.4
15.58 9.4
6.54 9.4
17.94 9.4
3.82 9.4
12.64 9.4
5.12 9.4
19.83 9.4
12.84 9.4
7.88 9.4
13.51 9.4
16.28 9.4
12.70 9.4
3.75 9.4
2.07 9.4
12.20 9.4
0.29 9.4
4.93 9.4
16.76 9.4
1.64 9.4
10.98 9.4
0.17 9.4
19.77 9.4
12.90 9.4
1.03 9.4
2.76 9.4
11.94 9.4
11.24 9.4
4.01 9.4
8.72 9.4
13.22 9.4
13.19 9.4
3.27 9.4
16.84 9.4
6.93 9.4
0.51 9.4
13.30 9.4
4.56 9.4
4.53 9.4
12.11 9.4
18.28 9.4
19.80 9.4
4.95 9.4
15.61 9.4
3.40 9.4
10.44 9.4
6.32 9.4
13.72 9.4
17.80 9.4
0.83 9.4
16.27 9.4
11.96 9.4
2.20 9.4
0.40 9.4
16.36 9.4
11.86 9.4
7.40 9.4
18.52 9.4
6.30 9.4
7.06 9.4
0.60 9.4
18.78 9.4
13.63 9.4
8.98 9.4
2.06 9.4
15.03 9.4
14.22 9.4
16.78 9.4
12.90 9.4
3.77 9.4
2.08 9.4
5.72 9.4
16.23 9.4
9.37 9.4
4.82 9.4
8.22 9.4
8.34 9.4
9.05 9.4
14.60 9.4
3.11 9.4
4.65 9.4
10.25 9.4
14.75 9.4
17.57 9.4
11.12 9.4
4.47 9.4
2.12 9.4
15.08 9.4
12.08 9.4
6.06 9.4
13.11 9.4
9.27 9.4
7.25 9.4
12.69 9.4
6.01 9.4
16.99 9.4
1.73 9.4
18.51 9.4
15.78 9.4
16.29 9.4
5.37 9.4
6.97 9.4
19.26 9.4
8.97 9.4
9.04 9.4
13.59 9.4
17.93 9.4
0.69 9.4
14.93 9.4
0.98 9.4
10.43 9.4
8.25 9.4
13.09 9.4
9.77 9.4
19.66 9.4
11.65 9.4
14.27 9.4
17.58 9.4
17.17 9.4
3.62 9.4
3.05 9.4
11.71 9.4
19.44 9.4
14.31 9.4
17.92 9.4
11.74 9.4
14.82 9.4
7.01 9.4
11.32 9.4
14.84 9.4
11.92 9.4
12.49 9.4
9.58 9.4
17.62 9.4
2.86 9.4
11.56 9.4
14.27 9.4
8.10 9.4
4.93 9.4
4.15 9.4
11.72 9.4
18.64 9.4
18.66 9.4
3.30 9.4
19.94 9.4
14.32 9.4
11.69 9.4
5.14 9.4
4.57 9.4
18.28 9.4
12.80 9.4
7.34 9.4
8.10 9.4
14.33 9.4
18.56 9.4
16.51 9.4
15.74 9.4
10.08 9.4
1.39 9.4
11.01 9.4
11.21 9.4
9.28 9.4
17.03 9.4
18.71 9.4
14.76 9.4
12.98 9.4
19.86 9.4
16.98 9.4
11.93 9.4
8.38 9.4
2.77 9.4
4.90 9.4
19.16 9.4
17.85 9.4
18.29 9.4
15.00 9.4
10.81 9.4
1.29 9.4
8.62 9.4
16.00 9.4
12.88 9.4
4.31 9.4
13.90 9.4
16.47 9.4
8.75 9.4
0.20 9.4
2.43 9.4
4.22 9.4
5.30 9.4
19.37 9.4
4.98 9.4
1.06 9.4
3.44 9.4
17.17 9.4
15.40 9.4
16.11 9.4
15.35 9.4
8.30 9.4
9.63 9.4
10.01 9.4
19.90 9.4
3.12 9.4
17.56 9.4
8.64 9.4
14.23 9.4
12.92 9.4
9.61 9.4
5.62 9.4
6.55 9.4
13.71 9.4
2.81 9.4
15.41 9.4
18.52 9.4
1.00 9.4
18.28 9.4
8.24 9.4
8.57 9.4
14.56 9.4
2.77 9.4
18.95 9.4
5.08 9.4
2.41 9.4
17.72 9.4
9.11 9.4
4.31 9.4
12.15 9.4
17.65 9.4
13.90 9.4
8.63 9.4
15.19 9.4
2.18 9.4
14.05 9.4
16.50 9.4
14.65 9.4
1.12 9.4
8.81 9.4
4.58 9.4
4.10 9.4
13.85 9.4
9.02 9.4
2.26 9.4
18.62 9.4
14.37 9.4
7.19 9.4
2.91 9.4
3.80 9.4
6.77 9.4
18.73 9.4
14.51 9.4
18.07 9.4
5.15 9.4
6.51 9.4
17.32 9.4
0.17 9.4
15.89 9.4
8.47 9.4
16.66 9.4
17.20 9.4
11.58 9.4
13.65 9.4
2.16 9.4
2.94 9.4
5.08 9.4
10.43 9.4
12.22 9.4
11.46 9.4
0.37 9.4
7.76 9.4
7.11 9.4
10.69 9.4
10.78 9.4
7.99 9.4
7.45 9.4
15.14 9.4
16.83 9.4
2.24 9.4
2.18 9.4
15.99 9.4
4.61 9.4
8.30 9.4
19.19 9.4
4.30 9.4
4.84 9.4
1.51 9.4
16.88 9.4
6.88 9.4
15.69 9.4
16.44 9.4
13.02 9.4
10.51 9.4
9.35 9.4
0.83 9.4
19.58 9.4
19.36 9.4
14.18 9.4
2.95 9.4
12.68 9.4
18.82 9.4
1.54 9.4
6.53 9.4
14.39 9.4
5.07 9.4
11.13 9.4
16.19 9.4
14.76 9.4
15.22 9.4
11.99 9.4
19.74 9.4
1.03 9.4
10.65 9.4
0.41 9.4
1.47 9.4
6.68 9.4
11.56 9.4
11.05 9.4
16.09 9.4
12.64 9.4
11.28 9.4
13.64 9.4
14.46 9.4
14.52 9.4
5.76 9.4
15.93 9.4
17.74 9.4
18.34 9.4
7.61 9.4
19.83 9.4
19.22 9.4
17.37 9.4
12.12 9.4
6.49 9.4
2.76 9.4
18.15 9.4
13.66 9.4
11.91 9.4
15.20 9.4
18.03 9.4
3.02 9.4
0.33 9.4
12.43 9.4
6.53 9.4
19.64 9.4
5.74 9.4
5.69 9.4
4.65 9.4
0.11 9.4
15.87 9.4
13.61 9.4
11.28 9.4
1.11 9.4
11.98 9.4
14.10 9.4
10.49 9.4
7.82 9.4
9.61 9.4
15.56 9.4
12.44 9.4
13.64 9.4
11.80 9.4
19.16 9.4
3.46 9.4
9.05 9.4
2.51 9.4
15.64 9.4
1.99 9.4
6.79 9.4
11.14 9.4
6.58 9.4
12.33 9.4
7.72 9.4
16.01 9.4
3.52 9.4
12.34 9.4
18.61 9.4
9.95 9.4
4.44 9.4
11.12 9.4
10.51 9.4
17.76 9.4
8.11 9.4
9.66 9.4
18.75 9.4
1.40 9.4
1.12 9.4
10.26 9.4
6.50 9.4
1.57 9.4
15.77 9.4
1.35 9.4
2.90 9.4
16.10 9.4
2.36 9.4
3.17 9.4
2.20 9.4
7.34 9.4
8.53 9.4
18.43 9.4
0.33 9.4
0.09 9.4
7.61 9.4
17.40 9.4
7.51 9.4
16.48 9.4
10.14 9.4
15.46 9.4
17.28 9.4
16.87 9.4
10.83 9.4
17.55 9.4
1.26 9.4
6.06 9.4
6.10 9.4
6.95 9.4
17.35 9.4
4.08 9.4
1.91 9.4
0.30 9.4
12.96 9.4
0.81 9.4
17.60 9.4
5.90 9.4
14.99 9.4
1.34 9.4
14.04 9.4
17.37 9.4
17.38 9.4
8.21 9.4
7.24 9.4
17.03 9.4
6.76 9.4
5.77 9.4
10.68 9.4
8.38 9.4
13.25 9.4
18.77 9.4
5.67 9.4
1.60 9.4
16.53 9.4
1.09 9.4
17.01 9.4
15.78 9.4
0.85 9.4
7.66 9.4
4.66 9.4
7.17 9.4
0.69 9.4
6.21 9.4
14.52 9.4
19.33 9.4
15.49 9.4
3.31 9.4
11.71 9.4
11.36 9.4
5.73 9.4
18.87 9.4
16.52 9.4
1.31 9.4
19.46 9.4
5.70 9.4
19.39 9.4
16.25 9.4
12.43 9.4
12.61 9.4
19.53 9.4
17.43 9.4
17.03 9.4
1.74 9.4
9.86 9.4
3.74 9.4
5.62 9.4
6.79 9.4
4.75 9.4
5.38 9.4
12.82 9.4
4.71 9.4
1.27 9.4
7.18 9.4
7.95 9.4
1.47 9.4
14.57 9.4
16.34 9.4
8.76 9.4
7.72 9.4
13.77 9.4
5.62 9.4
17.46 9.4
10.82 9.4
17.00 9.4
11.45 9.4
4.69 9.4
0.86 9.4
7.11 9.4
16.15 9.4
18.89 9.4
15.52 9.4
6.11 9.4
19.36 9.4
1.76 9.4
16.57 9.4
11.55 9.4
13.36 9.4
16.56 9.4
13.65 9.4
5.73 9.4
7.50 9.4
1.54 9.4
2.41 9.4
8.43 9.4
0.97 9.4
11.95 9.4
9.78 9.4
5.14 9.4
10.57 9.4
13.97 9.4
5.87 9.4
19.92 9.4
19.81 9.4
8.40 9.4
10.83 9.4
17.90 9.4
0.13 9.4
5.15 9.4
19.55 9.4
17.54 9.4
1.43 9.4
9.06 9.4
19.98 9.4
7.72 9.4
16.83 9.4
5.94 9.4
17.11 9.4
15.75 9.4
4.32 9.4
3.04 9.4
2.17 9.4
8.03 9.4
11.33 9.4
9.61 9.4
11.32 9.4
9.11 9.4
12.29 9.4
15.99 9.4
13.83 9.4
10.86 9.4
3.19 9.4
11.53 9.4
17.69 9.4
7.34 9.4
6.50 9.4
13.54 9.4
12.78 9.4
0.09 9.4
8.04 9.4
17.50 9.4
5.27 9.4
4.35 9.4
18.75 9.4
3.27 9.4
5.73 9.4
16.94 9.4
15.71 9.4
9.26 9.4
9.34 9.4
6.53 9.4
0.14 9.4
19.00 9.4
0.08 9.4
6.78 9.4
5.28 9.4
3.66 9.4
14.46 9.4
13.47 9.4
8.82 9.4
19.49 9.4
5.79 9.4
10.63 9.4
17.21 9.4
13.64 9.4
0.55 9.4
6.68 9.4
18.35 9.4
19.63 9.4
0.39 9.4
15.06 9.4
7.87 9.4
0.90 9.4
17.01 9.4
17.19 9.4
11.71 9.4
6.97 9.4
14.56 9.4
0.69 9.4
12.74 9.4
0.38 9.4
18.36 9.4
10.36 9.4
13.70 9.4
3.08 9.4
7.31 9.4
14.41 9.4
12.93 9.4
13.41 9.4
5.07 9.4
19.43 9.4
7.23 9.4
16.57 9.4
2.45 9.4
19.20 9.4
18.93 9.4
2.99 9.4
12.80 9.4
1.19 9.4
9.90 9.4
3.98 9.4
3.39 9.4
12.91 9.4
15.97 9.4
18.53 9.4
19.74 9.4
18.13 9.4
0.74 9.4
3.30 9.4
4.60 9.4
16.04 9.4
19.51 9.4
4.38 9.4
17.70 9.4
19.77 9.4
18.78 9.4
13.22 9.4
17.04 9.4
3.45 9.4
4.35 9.4
8.00 9.4
11.05 9.4
10.88 9.4
8.22 9.4
12.06 9.4
19.73 9.4
8.83 9.4
17.95 9.4
11.46 9.4
14.48 9.4
3.97 9.4
12.16 9.4
17.46 9.4
6.39 9.4
11.00 9.4
16.77 9.4
13.35 9.4
6.75 9.4
7.77 9.4
3.64 9.4
6.15 9.4
17.57 9.4
15.59 9.4
9.86 9.4
4.09 9.4
10.77 9.4
3.34 9.4
5.64 9.4
7.65 9.4
17.20 9.4
8.61 9.4
5.58 9.4
8.00 9.4
10.31 9.4
16.21 9.4
1.72 9.4
18.74 9.4
19.59 9.4
6.75 9.4
8.08 9.4
5.89 9.4
4.98 9.4
19.83 9.4
12.91 9.4
14.77 9.4
11.45 9.4
9.48 9.4
4.22 9.4
12.49 9.4
9.13 9.4
15.63 9.4
16.18 9.4
15.28 9.4
6.84 9.4
9.32 9.4
6.66 9.4
17.31 9.4
5.22 9.4
16.09 9.4
1.40 9.4
4.52 9.4
19.91 9.4
4.14 9.4
12.67 9.4
5.37 9.4
9.85 9.4
12.39 9.4
0.50 9.4
2.39 9.4
5.57 9.4
6.88 9.4
15.15 9.4
3.64 9.4
1.79 9.4
10.78 9.4
14.01 9.4
7.58 9.4
1.12 9.4
1.93 9.4
6.62 9.4
11.68 9.4
16.38 9.4
8.56 9.4
3.24 9.4
17.16 9.4
4.07 9.4
0.45 9.4
1.87 9.4
14.88 9.4
0.05 9.4
6.46 9.4
14.85 9.4
11.05 9.4
4.12 9.4
2.94 9.4
17.17 9.4
16.82 9.4
12.49 9.4
4.68 9.4
10.64 9.4
11.83 9.4
3.82 9.4
5.23 9.4
18.30 9.4
15.50 9.4
10.58 9.4
9.30 9.4
3.40 9.4
3.96 9.4
7.81 9.4
3.22 9.4
4.20 9.4
11.54 9.4
13.94 9.4
12.24 9.4
10.90 9.4
14.02 9.4
8.25 9.4
11.45 9.4
12.54 9.4
9.20 9.4
17.72 9.4
16.26 9.4
11.15 9.4
3.00 9.4
5.85 9.4
14.86 9.4
15.08 9.4
3.01 9.4
11.04 9.4
12.33 9.4
14.37 9.4
14.21 9.4
12.60 9.4
6.92 9.4
18.62 9.4
5.82 9.4
4.21 9.4
7.38 9.4
7.74 9.4
1.81 9.4
6.92 9.4
13.09 9.4
12.10 9.4
1.44 9.4
16.09 9.4
