1000
75 8.15
75 13.14
75 16.11
75 15.22
75 13.43
75 3.68
75 5.70
75 3.29
75 13.74
75 17.12
75 15.90
75 9.27
75 7.18
75 2.29
75 16.10
75 2.00
75 10.43
75 16.48
75 14.24
75 2.74
75 15.14
75 6.08
75 6.56
75 5.40
75 5.19
75 2.22
75 18.69
75 5.09
75 8.16
75 5.16
75 18.14
75 19.50
75 5.22
75 9.00
75 9.35
75 3.78
75 15.65
75 0.78
75 5.53
75 0.25
75 14.62
75 6.22
75 2.29
75 15.32
75 11.88
75 6.30
75 18.74
75 5.32
75 2.83
75 13.84
75 16.13
75 10.84
75 9.33
75 17.91
75 11.28
75 16.61
75 3.45
75 8.75
75 12.21
75 18.13
75 0.33
75 4.64
75 11.09
75 17.08
75 13.37
75 0.17
75 2.61
75 1.37
75 3.17
75 1.57
75 12.05
75 3.91
75 1.22
75 10.76
75 1.91
75 1.29
75 9.50
75 2.63
75 11.61
75 14.17
75 14.89
75 18.72
75 18.53
75 13.85
75 10.89
75 0.67
75 13.98
75 19.64
75 4.90
75 5.37
75 15.67
75 5.53
75 13.44
75 3.94
75 1.12
75 2.79
75 12.85
75 19.01
75 17.66
75 13.50
75 8.22
75 15.35
75 0.44
75 6.48
75 4.37
75 15.21
75 13.87
75 3.29
75 7.90
75 5.82
75 18.60
75 9.11
75 2.40
75 2.72
75 7.66
75 4.00
75 0.58
75 16.36
75 12.02
75 19.02
75 3.03
75 14.05
75 3.51
75 11.97
75 2.94
75 13.13
75 10.60
75 17.96
75 12.66
75 15.25
75 12.15
75 16.56
75 14.00
75 5.25
75 18.24
75 0.46
75 5.54
75 14.08
75 3.12
75 4.87
75 12.69
75 4.16
75 4.48
75 6.18
75 10.57
75 3.53
75 5.80
75 6.56
75 8.45
75 2.67
75 1.83
75 17.33
75 3.45
75 17.40
75 8.87
75 8.77
75 14.19
75 7.64
75 1.99
75 10.51
75 13.02
75 9.45
75 8.66
75 13.64
75 2.23
75 3.89
75 5.60
75 10.95
75 4.30
75 7.11
75 7.61
75 6.71
75 19.23
75 9.63
75 16.35
75 12.98
75 9.83
75 5.54
75 18.29
75 18.12
75 9.36
75 3.18
75 1.12
75 1.59
75 7.44
75 0.15
75 19.77
75 10.05
75 18.64
75 9.81
75 6.78
75 11.44
75 0.06
75 13.54
75 10.59
75 13.22
75 18.01
75 5.46
75 16.05
75 19.38
75 13.36
75 9.65
75 8.67
75 9.80
75 19.08
75 9.92
75 10.16
75 13.22
75 7.74
75 2.98
75 18.06
75 2.31
75 7.95
75 16.25
75 14.17
75 8.63
75 16.63
75 2.12
75 10.70
75 15.53
75 0.70
75 18.05
75 10.22
75 4.85
75 7.77
75 13.51
75 0.89
75 0.51
75 5.42
75 11.68
75 4.88
75 19.42
75 19.51
75 4.12
75 0.80
75 18.28
75 12.23
75 1.50
75 6.14
75 2.91
75 4.91
75 12.30
75 18.22
75 11.02
75 2.91
75 15.72
75 14.55
75 10.59
75 13.54
75 14.16
75 7.42
75 16.08
75 2.73
75 6.02
75 6.27
75 18.37
75 17.73
75 2.87
75 4.36
75 7.86
75 9.51
75 2.54
75 9.11
75 13.01
75 8.65
75 16.14
75 4.06
75 13.31
75 1.69
75 15.22
75 14.16
75 2.90
75 7.31
75 10.26
75 18.71
75 5.76
75 10.31
75 5.07
75 13.68
75 5.82
75 18.45
75 2.00
75 15.31
75 12.49
75 1.44
75 16.58
75 17.83
75 9.70
75 6.57
75 3.33
75 16.83
75 2.31
75 6.04
75 1.85
75 18.48
75 14.73
75 4.90
75 11.13
75 4.46
75 5.79
75 16.71
75 15.89
75 13.33
75 9.97
75 4.23
75 12.60
75 10.11
75 15.57
75 3.23
75 4.65
75 12.12
75 6.15
75 1.33
75 10.38
75 5.42
75 7.71
75 17.39
75 10.93
75 17.63
75 1.89
75 17.79
75 17.28
75 4.73
75 3.99
75 11.79
75 4.56
75 9.73
75 9.85
75 18.26
75 7.60
75 13.74
75 16.41
75 8.40
75 12.58
75 17.11
75 10.19
75 9.10
75 9.24
75 12.99
75 5.25
75 5.16
75 3.27
75 11.45
75 9.96
75 17.18
75 3.86
75 3.80
75 19.11
75 18.54
75 13.33
75 12.31
75 12.69
75 5.15
75 1.76
75 3.09
75 12.46
75 13.92
75 12.38
75 15.95
75 6.99
75 9.09
75 3.13
75 8.04
75 17.62
75 1.21
75 2.32
75 6.98
75 9.37
75 11.80
75 19.60
75 8.69
75 5.38
75 13.61
75 4.36
75 10.69
75 7.55
75 2.30
75 13.21
75 14.56
75 1.41
75 17.34
75 19.01
75 13.92
75 9.47
75 4.59
75 13.74
75 14.09
75 13.57
75 9.80
75 2.97
75 14.63
75 8.78
75 6.17
75 19.97
75 16.57
75 4.22
75 5.02
75 1.70
75 9.52
75 7.20
75 6.59
75 3.61
75 12.42
75 5.33
75 2.74
75 12.36
75 13.83
75 4.61
75 0.25
75 17.02
75 2.18
75 14.64
75 4.11
75 7.64
75 10.65
75 5.26
75 12.95
75 14.15
75 12.72
75 0.66
75 11.95
75 13.46
75 1.00
75 1.88
75 12.63
75 8.38
75 10.61
75 15.36
75 6.99
75 10.00
75 2.54
75 12.12
75 18.46
75 11.32
75 15.11
75 8.65
75 17.09
75 15.01
75 11.38
75 0.07
75 14.61
75 14.52
75 14.06
75 0.04
75 19.56
75 2.71
75 16.67
75 10.23
75 7.58
75 17.84
75 0.19
75 0.85
75 6.79
75 5.46
75 4.98
75 8.39
75 0.42
75 5.50
75 11.63
75 5.49
75 16.80
75 10.29
75 14.84
75 8.09
75 16.75
75 3.11
75 7.48
75 16.56
75 9.03
75 14.71
75 3.39
75 12.01
75 5.49
75 11.41
75 14.63
75 16.66
75 1.57
75 16.09
75 5.67
75 6.43
75 16.18
75 13.87
75 10.82
75 12.39
75 1.61
75 18.86
75 4.15
75 3.70
75 5.83
75 6.64
75 6.19
75 4.17
75 7.83
75 10.26
75 6.86
75 14.01
75 18.12
75 9.28
75 3.78
75 10.54
75 3.90
75 7.62
75 17.85
75 4.74
75 15.82
75 8.48
75 17.87
75 2.67
75 17.90
75 17.50
75 2.18
75 8.16
75 9.28
75 19.78
75 10.64
75 13.76
75 3.48
75 12.37
75 14.50
75 15.81
75 8.08
75 5.34
75 0.83
75 10.22
75 0.95
75 12.39
75 5.05
75 17.98
75 19.58
75 8.50
75 2.16
75 18.97
75 5.03
75 13.10
75 14.73
75 14.98
75 2.90
75 6.06
75 15.45
75 1.45
75 19.60
75 19.36
75 15.81
75 1.35
75 2.71
75 6.55
75 6.01
75 13.46
75 11.91
75 1.19
75 5.11
75 1.58
75 19.33
75 9.73
75 14.65
75 12.78
75 0.93
75 6.22
75 0.10
75 19.37
75 13.44
75 0.37
75 13.41
75 6.48
75 7.20
75 9.00
75 14.61
75 8.52
75 0.37
75 17.07
75 9.29
75 10.16
75 0.90
75 2.16
75 0.92
75 12.34
75 13.48
75 7.77
75 2.37
75 5.22
75 8.70
75 13.81
75 7.09
75 1.14
75 2.35
75 11.13
75 6.36
75 0.79
75 15.13
75 8.24
75 19.72
75 4.52
75 17.73
75 13.02
75 12.12
75 1.70
75 4.54
75 5.52
75 3.30
75 11.87
75 13.41
75 17.27
75 0.29
75 4.21
75 7.78
75 8.31
75 18.60
75 3.68
75 6.98
75 5.74
75 15.11
75 7.92
75 2.67
75 7.54
75 18.30
75 2.97
75 7.24
75 13.43
75 13.06
75 16.81
75 14.36
75 19.67
75 3.40
75 17.77
75 11.09
75 17.26
75 14.89
75 17.18
75 0.18
75 4.78
75 16.61
75 17.12
75 10.42
75 2.33
75 18.00
75 15.67
75 6.38
75 12.01
75 15.66
75 14.53
75 9.32
75 13.38
75 14.17
75 7.35
75 5.78
75 6.68
75 14.97
75 3.35
75 7.67
75 0.85
75 19.36
75 9.80
75 13.66
75 5.49
75 10.13
75 10.58
75 16.06
75 3.56
75 0.17
75 19.23
75 18.99
75 7.01
75 1.93
75 1.22
75 11.77
75 3.10
75 3.70
75 7.03
75 12.34
75 12.33
75 8.90
75 2.48
75 6.67
75 16.25
75 19.51
75 15.02
75 2.85
75 9.53
75 15.46
75 12.17
75 1.85
75 3.15
75 9.96
75 19.00
75 3.18
75 2.96
75 6.40
75 6.43
75 8.60
75 11.13
75 11.25
75 11.34
75 2.08
75 7.60
75 12.15
75 14.41
75 2.76
75 2.25
75 3.85
75 8.06
75 2.61
75 9.80
75 16.63
75 8.39
75 2.17
75 6.17
75 4.81
75 10.46
75 19.82
75 19.87
75 4.97
75 19.71
75 18.17
75 19.67
75 19.59
75 17.34
75 18.65
75 17.69
75 19.15
75 14.29
75 0.57
75 1.44
75 3.55
75 2.16
75 4.08
75 8.68
75 15.99
75 18.54
75 4.39
75 13.62
75 8.56
75 2.50
75 8.64
75 7.25
75 11.09
75 3.19
75 19.43
75 19.81
75 5.04
75 5.56
75 10.73
75 18.42
75 18.10
75 0.11
75 14.67
75 3.65
75 7.37
75 10.48
75 19.86
75 0.69
75 7.60
75 15.29
75 13.35
75 18.42
75 10.55
75 14.89
75 2.56
75 1.44
75 7.67
75 13.67
75 8.30
75 5.03
75 7.25
75 10.02
75 2.17
75 16.24
75 12.35
75 14.28
75 15.96
75 11.97
75 17.06
75 9.90
75 10.46
75 1.03
75 6.46
75 2.70
75 8.55
75 5.92
75 8.78
75 9.21
75 2.25
75 17.23
75 5.62
75 1.54
75 16.72
75 14.60
75 17.57
75 17.28
75 15.27
75 2.18
75 3.01
75 2.10
75 16.80
75 5.64
75 10.26
75 1.73
75 2.80
75 15.05
75 8.37
75 6.49
75 10.13
75 17.49
75 9.12
75 5.29
75 17.34
75 18.56
75 6.46
75 1.04
75 19.15
75 6.33
75 16.07
75 9.19
75 6.96
75 16.79
75 4.62
75 13.94
75 18.43
75 15.07
75 11.43
75 3.21
75 16.07
75 16.79
75 13.00
75 7.61
75 7.78
75 1.07
75 17.85
75 4.46
75 4.79
75 12.40
75 16.15
75 11.45
75 16.54
75 13.31
75 6.28
75 11.90
75 18.04
75 13.82
75 18.07
75 2.95
75 0.05
75 18.39
75 5.02
75 1.11
75 4.39
75 17.24
75 8.30
75 14.21
75 15.60
75 13.21
75 7.69
75 8.88
75 9.55
75 18.67
75 19.61
75 9.63
75 17.49
75 11.21
75 5.73
75 13.32
75 12.18
75 2.64
75 10.13
75 16.47
75 13.46
75 6.56
75 18.55
75 6.59
75 7.87
75 2.84
75 2.97
75 18.87
75 10.92
75 10.93
75 13.40
75 17.89
75 5.04
75 14.48
75 11.90
75 16.45
75 19.33
75 8.29
75 2.25
75 10.59
75 4.60
75 18.96
75 17.71
75 9.54
75 12.31
75 9.93
75 0.78
75 16.64
75 0.89
75 1.03
75 13.34
75 6.61
75 13.96
75 18.47
75 9.23
75 6.07
75 3.65
75 3.98
75 15.09
75 9.99
75 10.62
75 19.62
75 8.15
75 17.54
75 0.30
75 10.62
75 6.73
75 3.70
75 11.24
75 11.87
75 3.56
75 17.65
75 1.88
75 11.77
75 6.29
75 12.44
75 2.87
75 3.28
75 6.16
75 5.71
75 9.86
75 15.74
75 15.40
75 9.57
75 14.55
75 2.85
75 19.71
75 0.48
75 13.51
75 14.77
75 1.42
75 8.68
75 6.54
75 7.90
75 12.01
75 7.36
75 12.78
75 18.01
75 4.84
75 18.12
75 7.43
75 16.73
75 13.07
75 1.95
75 12.23
75 12.34
75 3.91
75 10.17
75 4.64
75 16.00
75 12.40
75 17.91
75 8.54
75 11.31
75 5.74
75 9.64
75 14.11
75 0.92
75 8.55
75 4.37
75 6.10
75 5.67
75 19.06
75 13.31
75 8.08
75 4.14
75 3.64
75 4.33
75 4.48
75 6.48
75 17.47
75 4.90
75 17.74
75 19.52
75 10.25
75 16.78
75 5.32
75 12.81
75 12.54
75 18.70
75 18.85
75 16.75
75 14.57
75 17.22
75 10.82
75 7.72
75 6.69
75 18.89
75 19.07
75 3.52
75 6.69
75 13.50
75 14.28
75 3.93
75 17.57
75 15.59
