1000
13.72 13.72
7.10 7.10
17.46 17.46
19.20 19.20
6.34 6.34
4.53 4.53
5.52 5.52
1.75 1.75
4.20 4.20
6.27 6.27
13.80 13.80
12.46 12.46
4.49 4.49
3.17 3.17
9.08 9.08
15.67 15.67
14.35 14.35
3.54 3.54
3.28 3.28
10.88 10.88
14.56 14.56
17.21 17.21
6.54 6.54
12.37 12.37
19.25 19.25
0.90 0.90
10.18 10.18
1.59 1.59
3.33 3.33
18.76 18.76
15.70 15.70
6.84 6.84
6.29 6.29
9.70 9.70
9.91 9.91
9.18 9.18
0.42 0.42
6.49 6.49
10.71 10.71
9.35 9.35
13.93 13.93
6.30 6.30
6.38 6.38
15.72 15.72
13.99 13.99
7.12 7.12
7.00 7.00
14.26 14.26
0.30 0.30
11.82 11.82
19.27 19.27
2.07 2.07
17.43 17.43
19.15 19.15
1.11 1.11
11.19 11.19
14.21 14.21
14.07 14.07
15.58 15.58
1.96 1.96
15.51 15.51
17.14 17.14
17.76 17.76
8.77 8.77
5.59 5.59
10.53 10.53
3.92 3.92
5.23 5.23
9.86 9.86
6.83 6.83
18.51 18.51
2.87 2.87
11.36 11.36
12.71 12.71
14.21 14.21
16.05 16.05
16.34 16.34
14.35 14.35
6.51 6.51
9.41 9.41
0.12 0.12
10.95 10.95
18.50 18.50
6.12 6.12
2.75 2.75
5.84 5.84
0.85 0.85
17.32 17.32
0.72 0.72
8.11 8.11
12.28 12.28
0.38 0.38
12.62 12.62
17.57 17.57
19.37 19.37
10.32 10.32
0.63 0.63
9.80 9.80
3.26 3.26
9.96 9.96
11.58 11.58
18.00 18.00
9.00 9.00
5.81 5.81
1.61 1.61
10.11 10.11
16.13 16.13
12.93 12.93
15.21 15.21
14.30 14.30
8.16 8.16
7.89 7.89
0.94 0.94
14.94 14.94
11.63 11.63
3.33 3.33
12.80 12.80
6.72 6.72
9.27 9.27
7.28 7.28
15.35 15.35
11.34 11.34
14.94 14.94
12.54 12.54
15.91 15.91
19.94 19.94
12.80 12.80
4.96 4.96
16.78 16.78
18.21 18.21
13.78 13.78
0.71 0.71
13.16 13.16
9.19 9.19
15.63 15.63
18.90 18.90
13.33 13.33
9.04 9.04
15.90 15.90
13.28 13.28
17.59 17.59
15.59 15.59
16.18 16.18
10.13 10.13
18.39 18.39
13.02 13.02
15.52 15.52
4.37 4.37
13.40 13.40
16.34 16.34
17.13 17.13
8.69 8.69
1.68 1.68
18.01 18.01
17.80 17.80
0.96 0.96
10.54 10.54
19.43 19.43
7.01 7.01
16.30 16.30
8.73 8.73
17.42 17.42
19.78 19.78
6.53 6.53
13.10 13.10
19.72 19.72
19.79 19.79
4.40 4.40
4.41 4.41
15.10 15.10
16.25 16.25
17.08 17.08
18.96 18.96
12.97 12.97
11.88 11.88
19.60 19.60
9.48 9.48
2.18 2.18
14.93 14.93
19.43 19.43
1.73 1.73
13.55 13.55
10.58 10.58
13.70 13.70
15.01 15.01
8.34 8.34
15.10 15.10
2.67 2.67
15.78 15.78
16.57 16.57
10.18 10.18
6.89 6.89
6.13 6.13
2.48 2.48
0.86 0.86
7.20 7.20
17.93 17.93
10.01 10.01
8.82 8.82
7.06 7.06
18.48 18.48
7.52 7.52
19.21 19.21
8.29 8.29
5.76 5.76
16.69 16.69
4.24 4.24
19.07 19.07
12.42 12.42
8.88 8.88
6.56 6.56
12.17 12.17
11.41 11.41
17.56 17.56
13.81 13.81
8.70 8.70
10.55 10.55
10.39 10.39
13.73 13.73
4.39 4.39
14.58 14.58
6.15 6.15
19.04 19.04
9.73 9.73
13.59 13.59
6.45 6.45
0.91 0.91
6.26 6.26
12.14 12.14
10.65 10.65
5.56 5.56
14.19 14.19
1.77 1.77
8.72 8.72
19.73 19.73
11.56 11.56
7.41 7.41
12.52 12.52
19.67 19.67
17.83 17.83
17.06 17.06
12.32 12.32
2.94 2.94
3.94 3.94
9.54 9.54
7.97 7.97
2.10 2.10
19.40 19.40
19.05 19.05
2.99 2.99
6.27 6.27
1.04 1.04
16.53 16.53
12.71 12.71
10.41 10.41
15.69 15.69
15.38 15.38
5.72 5.72
11.28 11.28
10.63 10.63
16.92 16.92
19.83 19.83
14.04 14.04
5.63 5.63
19.00 19.00
13.98 13.98
11.25 11.25
17.05 17.05
14.28 14.28
19.47 19.47
9.46 9.46
6.70 6.70
13.06 13.06
13.34 13.34
5.55 5.55
8.06 8.06
12.35 12.35
11.17 11.17
1.28 1.28
17.16 17.16
16.18 16.18
6.32 6.32
0.47 0.47
16.97 16.97
16.54 16.54
13.01 13.01
11.08 11.08
12.42 12.42
2.68 2.68
18.49 18.49
9.89 9.89
7.17 7.17
5.50 5.50
12.53 12.53
6.58 6.58
15.48 15.48
13.49 13.49
10.00 10.00
4.33 4.33
7.62 7.62
0.28 0.28
10.27 10.27
16.19 16.19
7.41 7.41
1.28 1.28
8.65 8.65
3.29 3.29
5.34 5.34
7.36 7.36
17.83 17.83
16.74 16.74
3.67 3.67
14.35 14.35
8.15 8.15
17.99 17.99
0.92 0.92
13.81 13.81
8.98 8.98
1.22 1.22
19.96 19.96
13.66 13.66
8.20 8.20
12.11 12.11
0.82 0.82
19.77 19.77
7.28 7.28
8.65 8.65
14.12 14.12
6.27 6.27
18.96 18.96
4.81 4.81
1.80 1.80
14.26 14.26
8.87 8.87
8.88 8.88
19.24 19.24
4.80 4.80
13.65 13.65
0.43 0.43
10.92 10.92
17.79 17.79
11.94 11.94
12.88 12.88
6.27 6.27
7.45 7.45
19.90 19.90
14.53 14.53
10.36 10.36
19.72 19.72
8.25 8.25
16.14 16.14
15.47 15.47
13.02 13.02
0.84 0.84
0.76 0.76
2.60 2.60
18.03 18.03
1.89 1.89
18.41 18.41
13.26 13.26
11.18 11.18
8.32 8.32
9.96 9.96
7.96 7.96
18.64 18.64
6.46 6.46
18.38 18.38
17.82 17.82
8.41 8.41
15.23 15.23
14.39 14.39
13.00 13.00
6.26 6.26
0.26 0.26
15.86 15.86
15.89 15.89
12.46 12.46
18.08 18.08
14.20 14.20
17.50 17.50
18.74 18.74
17.83 17.83
18.98 18.98
6.86 6.86
1.07 1.07
4.16 4.16
12.90 12.90
8.01 8.01
5.16 5.16
6.17 6.17
13.70 13.70
8.97 8.97
5.61 5.61
9.08 9.08
14.09 14.09
16.66 16.66
15.82 15.82
15.12 15.12
7.81 7.81
4.77 4.77
19.64 19.64
19.29 19.29
17.20 17.20
1.06 1.06
6.15 6.15
9.07 9.07
3.07 3.07
14.85 14.85
19.86 19.86
3.82 3.82
18.00 18.00
8.10 8.10
0.62 0.62
2.87 2.87
2.26 2.26
19.87 19.87
4.46 4.46
10.22 10.22
17.00 17.00
16.95 16.95
2.87 2.87
6.82 6.82
3.67 3.67
17.62 17.62
14.45 14.45
2.34 2.34
15.42 15.42
3.12 3.12
15.50 15.50
2.04 2.04
15.05 15.05
11.45 11.45
12.69 12.69
0.94 0.94
5.85 5.85
18.07 18.07
7.53 7.53
2.46 2.46
11.90 11.90
14.07 14.07
7.71 7.71
12.30 12.30
9.43 9.43
17.10 17.10
9.12 9.12
0.78 0.78
12.84 12.84
7.75 7.75
6.11 6.11
2.43 2.43
17.48 17.48
6.27 6.27
4.77 4.77
6.61 6.61
14.85 14.85
3.39 3.39
4.44 4.44
11.65 11.65
15.67 15.67
17.06 17.06
16.35 16.35
9.70 9.70
13.42 13.42
11.21 11.21
19.65 19.65
11.07 11.07
18.18 18.18
11.22 11.22
11.07 11.07
17.01 17.01
16.54 16.54
8.39 8.39
12.08 12.08
0.15 0.15
8.32 8.32
16.55 16.55
15.14 15.14
16.69 16.69
10.92 10.92
9.19 9.19
19.26 19.26
2.68 2.68
6.72 6.72
6.67 6.67
1.52 1.52
12.60 12.60
4.53 4.53
1.66 1.66
1.13 1.13
3.64 3.64
7.87 7.87
9.25 9.25
0.66 0.66
13.02 13.02
2.71 2.71
14.00 14.00
3.48 3.48
3.16 3.16
7.34 7.34
13.24 13.24
15.25 15.25
18.89 18.89
9.70 9.70
8.57 8.57
11.61 11.61
2.80 2.80
9.89 9.89
9.75 9.75
15.52 15.52
17.14 17.14
3.91 3.91
9.57 9.57
16.83 16.83
10.61 10.61
15.25 15.25
17.85 17.85
18.26 18.26
7.06 7.06
13.75 13.75
1.60 1.60
3.29 3.29
16.82 16.82
11.91 11.91
5.01 5.01
7.02 7.02
19.74 19.74
16.54 16.54
14.60 14.60
9.43 9.43
16.89 16.89
5.81 5.81
4.35 4.35
12.31 12.31
16.99 16.99
8.39 8.39
14.84 14.84
2.04 2.04
8.44 8.44
11.55 11.55
16.65 16.65
17.02 17.02
18.57 18.57
0.40 0.40
4.42 4.42
8.19 8.19
19.71 19.71
3.91 3.91
18.66 18.66
9.26 9.26
8.62 8.62
10.82 10.82
12.67 12.67
19.17 19.17
7.66 7.66
16.17 16.17
7.01 7.01
1.86 1.86
6.36 6.36
1.27 1.27
12.95 12.95
0.33 0.33
13.79 13.79
17.97 17.97
13.95 13.95
9.46 9.46
1.19 1.19
18.23 18.23
19.63 19.63
7.57 7.57
4.81 4.81
16.44 16.44
10.82 10.82
6.90 6.90
18.04 18.04
10.67 10.67
7.85 7.85
10.11 10.11
2.44 2.44
11.99 11.99
7.68 7.68
10.64 10.64
2.37 2.37
8.07 8.07
14.82 14.82
14.16 14.16
4.94 4.94
10.42 10.42
18.56 18.56
18.21 18.21
15.29 15.29
14.90 14.90
3.28 3.28
16.98 16.98
4.82 4.82
3.72 3.72
3.70 3.70
12.02 12.02
7.01 7.01
12.16 12.16
17.43 17.43
3.90 3.90
12.56 12.56
8.84 8.84
11.21 11.21
16.25 16.25
16.75 16.75
2.05 2.05
2.66 2.66
16.91 16.91
16.72 16.72
14.96 14.96
13.06 13.06
14.88 14.88
16.86 16.86
17.83 17.83
8.81 8.81
3.12 3.12
9.97 9.97
4.09 4.09
2.61 2.61
3.66 3.66
5.64 5.64
13.37 13.37
8.76 8.76
17.25 17.25
4.20 4.20
0.83 0.83
5.76 5.76
7.36 7.36
17.01 17.01
1.47 1.47
3.81 3.81
10.25 10.25
8.25 8.25
12.01 12.01
12.86 12.86
8.34 8.34
14.14 14.14
2.59 2.59
9.35 9.35
1.25 1.25
14.11 14.11
3.71 3.71
7.98 7.98
0.88 0.88
11.72 11.72
5.92 5.92
10.01 10.01
0.57 0.57
9.29 9.29
19.99 19.99
19.28 19.28
11.51 11.51
10.11 10.11
14.09 14.09
2.37 2.37
16.66 16.66
7.87 7.87
6.50 6.50
13.93 13.93
4.92 4.92
13.85 13.85
15.39 15.39
16.36 16.36
11.70 11.70
4.49 4.49
4.97 4.97
17.53 17.53
4.52 4.52
16.81 16.81
10.28 10.28
13.56 13.56
11.43 11.43
19.96 19.96
4.97 4.97
18.72 18.72
17.70 17.70
13.23 13.23
15.48 15.48
17.61 17.61
3.13 3.13
17.78 17.78
1.83 1.83
13.14 13.14
18.98 18.98
2.67 2.67
2.19 2.19
17.34 17.34
1.59 1.59
17.10 17.10
1.94 1.94
5.51 5.51
1.24 1.24
2.50 2.50
13.67 13.67
7.76 7.76
19.64 19.64
1.18 1.18
1.17 1.17
15.31 15.31
16.12 16.12
19.08 19.08
9.55 9.55
2.17 2.17
5.90 5.90
19.16 19.16
6.40 6.40
6.73 6.73
16.56 16.56
11.62 11.62
11.91 11.91
7.41 7.41
3.15 3.15
3.82 3.82
2.85 2.85
13.17 13.17
13.49 13.49
6.14 6.14
5.22 5.22
19.42 19.42
19.98 19.98
16.80 16.80
18.84 18.84
17.78 17.78
16.48 16.48
5.25 5.25
17.18 17.18
1.10 1.10
9.67 9.67
10.41 10.41
18.36 18.36
15.21 15.21
2.31 2.31
12.70 12.70
9.26 9.26
7.08 7.08
10.48 10.48
12.80 12.80
11.65 11.65
4.03 4.03
15.35 15.35
5.82 5.82
6.59 6.59
1.55 1.55
1.08 1.08
14.88 14.88
10.22 10.22
9.51 9.51
1.10 1.10
12.39 12.39
16.53 16.53
12.46 12.46
17.38 17.38
8.94 8.94
16.56 16.56
8.71 8.71
16.22 16.22
18.47 18.47
5.81 5.81
10.47 10.47
11.56 11.56
6.63 6.63
5.73 5.73
6.64 6.64
14.90 14.90
10.69 10.69
6.74 6.74
17.76 17.76
18.40 18.40
5.54 5.54
6.28 6.28
17.37 17.37
11.71 11.71
4.33 4.33
13.61 13.61
8.62 8.62
16.75 16.75
9.77 9.77
4.55 4.55
15.39 15.39
18.00 18.00
10.46 10.46
4.09 4.09
10.56 10.56
16.77 16.77
14.81 14.81
8.75 8.75
9.78 9.78
16.28 16.28
8.60 8.60
17.47 17.47
1.91 1.91
2.80 2.80
5.46 5.46
0.56 0.56
3.50 3.50
10.54 10.54
9.60 9.60
16.31 16.31
3.50 3.50
1.86 1.86
10.55 10.55
13.99 13.99
4.93 4.93
17.67 17.67
11.05 11.05
18.43 18.43
8.85 8.85
14.32 14.32
14.86 14.86
6.60 6.60
8.50 8.50
17.49 17.49
0.64 0.64
15.26 15.26
5.79 5.79
17.39 17.39
3.34 3.34
5.10 5.10
17.71 17.71
3.91 3.91
0.04 0.04
2.95 2.95
12.61 12.61
3.86 3.86
19.60 19.60
11.47 11.47
11.22 11.22
18.00 18.00
4.40 4.40
2.90 2.90
3.98 3.98
5.11 5.11
4.62 4.62
3.59 3.59
7.04 7.04
6.28 6.28
0.15 0.15
3.73 3.73
2.01 2.01
11.21 11.21
12.43 12.43
15.61 15.61
5.87 5.87
18.23 18.23
1.30 1.30
0.51 0.51
1.10 1.10
18.07 18.07
12.23 12.23
1.00 1.00
1.16 1.16
10.58 10.58
18.37 18.37
19.45 19.45
3.07 3.07
19.54 19.54
7.06 7.06
5.95 5.95
16.54 16.54
11.09 11.09
15.16 15.16
14.64 14.64
9.32 9.32
8.12 8.12
10.20 10.20
10.28 10.28
12.50 12.50
18.30 18.30
19.79 19.79
8.17 8.17
10.44 10.44
3.17 3.17
14.13 14.13
17.76 17.76
19.23 19.23
3.59 3.59
11.86 11.86
13.87 13.87
3.86 3.86
10.54 10.54
16.72 16.72
16.45 16.45
7.73 7.73
14.84 14.84
11.93 11.93
17.89 17.89
13.90 13.90
4.98 4.98
3.34 3.34
9.97 9.97
18.49 18.49
9.17 9.17
18.29 18.29
11.46 11.46
6.82 6.82
14.36 14.36
4.99 4.99
0.81 0.81
0.69 0.69
15.15 15.15
8.36 8.36
12.97 12.97
16.62 16.62
5.33 5.33
10.89 10.89
15.75 15.75
6.80 6.80
8.63 8.63
17.03 17.03
12.76 12.76
17.90 17.90
12.12 12.12
18.43 18.43
5.80 5.80
17.36 17.36
8.06 8.06
14.65 14.65
9.60 9.60
15.06 15.06
1.22 1.22
18.84 18.84
10.69 10.69
10.24 10.24
12.99 12.99
8.09 8.09
4.39 4.39
12.82 12.82
16.63 16.63
14.76 14.76
4.65 4.65
13.23 13.23
10.16 10.16
8.76 8.76
4.05 4.05
9.18 9.18
7.93 7.93
18.83 18.83
0.39 0.39
1.58 1.58
16.35 16.35
5.03 5.03
2.94 2.94
2.52 2.52
11.93 11.93
10.65 10.65
10.70 10.70
18.73 18.73
10.45 10.45
19.63 19.63
17.16 17.16
5.90 5.90
7.76 7.76
5.86 5.86
10.60 10.60
10.02 10.02
10.19 10.19
9.95 9.95
3.87 3.87
10.53 10.53
6.14 6.14
13.11 13.11
4.24 4.24
14.11 14.11
1.83 1.83
8.38 8.38
7.20 7.20
18.06 18.06
2.51 2.51
3.07 3.07
10.79 10.79
0.38 0.38
16.16 16.16
12.67 12.67
8.93 8.93
14.88 14.88
2.46 2.46
13.94 13.94
16.81 16.81
7.39 7.39
11.32 11.32
1.24 1.24
4.10 4.10
15.41 15.41
17.90 17.90
12.49 12.49
5.16 5.16
5.92 5.92
8.61 8.61
8.17 8.17
16.81 16.81
18.49 18.49
16.83 16.83
14.98 14.98
0.44 0.44
10.33 10.33
8.05 8.05
10.29 10.29
13.83 13.83
19.10 19.10
